Dataset: input/accidents | k = 10
INIT | candidates=0 | minU: (none) -> 11398426 | trigger=Strategy1&2 (top-k of single items + merged transactions)
candidates=33 | minU: 11398426 -> 13333382 | trigger={822, 837, 831, 832, 825, 833, 829, 819, 821, 820, 827, 823} (u=22052621)
candidates=34 | minU: 13333382 -> 14315235 | trigger={822, 837, 831, 832, 825, 833, 829, 819, 821, 820, 827, 823, 824} (u=23950776)
candidates=35 | minU: 14315235 -> 14354809 | trigger={822, 837, 831, 832, 825, 833, 829, 819, 821, 820, 827, 823, 824, 826} (u=25713079)
candidates=36 | minU: 14354809 -> 14489315 | trigger={822, 837, 831, 832, 825, 833, 829, 819, 821, 820, 827, 823, 824, 826, 834} (u=28879380)
candidates=37 | minU: 14489315 -> 14627439 | trigger={822, 837, 831, 832, 825, 833, 829, 819, 821, 820, 827, 823, 824, 826, 834, 836} (u=29882270)
candidates=38 | minU: 14627439 -> 15868612 | trigger={822, 837, 831, 832, 825, 833, 829, 819, 821, 820, 827, 823, 824, 826, 834, 836, 830} (u=31116773)
candidates=39 | minU: 15868612 -> 17410903 | trigger={822, 837, 831, 832, 825, 833, 829, 819, 821, 820, 827, 823, 824, 826, 834, 836, 830, 828} (u=32529315)
candidates=40 | minU: 17410903 -> 19834454 | trigger={822, 837, 831, 832, 825, 833, 829, 819, 821, 820, 827, 823, 824, 826, 834, 836, 830, 828, 835} (u=34074641)
candidates=41 | minU: 19834454 -> 22052621 | trigger={822, 837, 831, 832, 825, 833, 829, 819, 821, 820, 827, 823, 824, 826, 834, 836, 830, 835} (u=32662367)
candidates=42 | minU: 22052621 -> 23950776 | trigger={822, 837, 831, 832, 825, 833, 829, 819, 821, 820, 827, 823, 824, 826, 834, 836, 828} (u=31295179)
candidates=43 | minU: 23950776 -> 25713079 | trigger={822, 837, 831, 832, 825, 833, 829, 819, 821, 820, 827, 823, 824, 826, 834, 836, 828, 835} (u=32840710)
candidates=44 | minU: 25713079 -> 28879380 | trigger={822, 837, 831, 832, 825, 833, 829, 819, 821, 820, 827, 823, 824, 826, 834, 836, 835} (u=31428069)
candidates=45 | minU: 28879380 -> 29882270 | trigger={822, 837, 831, 832, 825, 833, 829, 819, 821, 820, 827, 823, 824, 826, 834, 830} (u=30113228)
candidates=46 | minU: 29882270 -> 30113228 | trigger={822, 837, 831, 832, 825, 833, 829, 819, 821, 820, 827, 823, 824, 826, 834, 830, 828} (u=31528230)
candidates=47 | minU: 30113228 -> 31116773 | trigger={822, 837, 831, 832, 825, 833, 829, 819, 821, 820, 827, 823, 824, 826, 834, 830, 828, 835} (u=33074817)
candidates=48 | minU: 31116773 -> 31295179 | trigger={822, 837, 831, 832, 825, 833, 829, 819, 821, 820, 827, 823, 824, 826, 834, 830, 835} (u=31660083)
candidates=50 | minU: 31295179 -> 31428069 | trigger={822, 837, 831, 832, 825, 833, 829, 819, 821, 820, 827, 823, 824, 826, 834, 828, 835} (u=31841688)
candidates=60 | minU: 31428069 -> 31528230 | trigger={822, 837, 831, 832, 825, 833, 829, 819, 821, 820, 827, 823, 824, 834, 836, 830, 828, 835} (u=32431924)
candidates=70 | minU: 31528230 -> 31660083 | trigger={822, 837, 831, 832, 825, 833, 829, 819, 821, 820, 827, 823, 826, 834, 836, 830, 828, 835} (u=32296255)
candidates=82 | minU: 31660083 -> 31841688 | trigger={822, 837, 831, 832, 825, 833, 829, 819, 821, 820, 827, 824, 826, 834, 836, 830, 828, 835} (u=32190350)
candidates=96 | minU: 31841688 -> 32190350 | trigger={822, 837, 831, 832, 825, 833, 829, 819, 821, 820, 823, 824, 826, 834, 836, 830, 828, 835} (u=32196402)
candidates=112 | minU: 32190350 -> 32196402 | trigger={822, 837, 831, 832, 825, 833, 829, 819, 821, 827, 823, 824, 826, 834, 836, 830, 828, 835} (u=33564722)
candidates=114 | minU: 32196402 -> 32274786 | trigger={822, 837, 831, 832, 825, 833, 829, 819, 821, 827, 823, 824, 826, 834, 836, 828, 835} (u=32274786)
candidates=117 | minU: 32274786 -> 32296255 | trigger={822, 837, 831, 832, 825, 833, 829, 819, 821, 827, 823, 824, 826, 834, 830, 828, 835} (u=32517138)
candidates=135 | minU: 32296255 -> 32431924 | trigger={822, 837, 831, 832, 825, 833, 829, 819, 820, 827, 823, 824, 826, 834, 836, 830, 828, 835} (u=33494248)
candidates=138 | minU: 32431924 -> 32460008 | trigger={822, 837, 831, 832, 825, 833, 829, 819, 820, 827, 823, 824, 826, 834, 830, 828, 835} (u=32460008)
candidates=147 | minU: 32460008 -> 32517138 | trigger={822, 837, 831, 832, 825, 833, 829, 819, 827, 823, 824, 826, 834, 836, 830, 828, 835} (u=32879435)
candidates=164 | minU: 32517138 -> 32529315 | trigger={822, 837, 831, 832, 825, 833, 829, 821, 820, 827, 823, 824, 826, 834, 836, 830} (u=33125948)
candidates=165 | minU: 32529315 -> 32662367 | trigger={822, 837, 831, 832, 825, 833, 829, 821, 820, 827, 823, 824, 826, 834, 836, 830, 828} (u=34730748)
candidates=166 | minU: 32662367 -> 32840710 | trigger={822, 837, 831, 832, 825, 833, 829, 821, 820, 827, 823, 824, 826, 834, 836, 830, 828, 835} (u=36541347)
candidates=167 | minU: 32840710 -> 32879435 | trigger={822, 837, 831, 832, 825, 833, 829, 821, 820, 827, 823, 824, 826, 834, 836, 830, 835} (u=34936836)
candidates=168 | minU: 32879435 -> 33074817 | trigger={822, 837, 831, 832, 825, 833, 829, 821, 820, 827, 823, 824, 826, 834, 836, 828} (u=33343005)
candidates=169 | minU: 33074817 -> 33125948 | trigger={822, 837, 831, 832, 825, 833, 829, 821, 820, 827, 823, 824, 826, 834, 836, 828, 835} (u=35153858)
candidates=170 | minU: 33125948 -> 33343005 | trigger={822, 837, 831, 832, 825, 833, 829, 821, 820, 827, 823, 824, 826, 834, 836, 835} (u=33548902)
candidates=172 | minU: 33343005 -> 33494248 | trigger={822, 837, 831, 832, 825, 833, 829, 821, 820, 827, 823, 824, 826, 834, 830, 828} (u=33599004)
candidates=173 | minU: 33494248 -> 33548902 | trigger={822, 837, 831, 832, 825, 833, 829, 821, 820, 827, 823, 824, 826, 834, 830, 828, 835} (u=35411307)
candidates=174 | minU: 33548902 -> 33564722 | trigger={822, 837, 831, 832, 825, 833, 829, 821, 820, 827, 823, 824, 826, 834, 830, 835} (u=33803754)
candidates=176 | minU: 33564722 -> 33599004 | trigger={822, 837, 831, 832, 825, 833, 829, 821, 820, 827, 823, 824, 826, 834, 828, 835} (u=34024338)
candidates=182 | minU: 33599004 -> 33803754 | trigger={822, 837, 831, 832, 825, 833, 829, 821, 820, 827, 823, 824, 834, 836, 830, 828, 835} (u=34702517)
candidates=188 | minU: 33803754 -> 34024338 | trigger={822, 837, 831, 832, 825, 833, 829, 821, 820, 827, 823, 826, 834, 836, 830, 828, 835} (u=34535916)
candidates=196 | minU: 34024338 -> 34074641 | trigger={822, 837, 831, 832, 825, 833, 829, 821, 820, 827, 824, 826, 834, 836, 830, 828, 835} (u=34464088)
candidates=205 | minU: 34074641 -> 34464088 | trigger={822, 837, 831, 832, 825, 833, 829, 821, 820, 823, 824, 826, 834, 836, 830, 828, 835} (u=34601129)
candidates=215 | minU: 34464088 -> 34535916 | trigger={822, 837, 831, 832, 825, 833, 829, 821, 827, 823, 824, 826, 834, 836, 830, 828, 835} (u=35748052)
candidates=218 | minU: 34535916 -> 34566630 | trigger={822, 837, 831, 832, 825, 833, 829, 821, 827, 823, 824, 826, 834, 830, 828, 835} (u=34566630)
candidates=229 | minU: 34566630 -> 34601129 | trigger={822, 837, 831, 832, 825, 833, 829, 820, 827, 823, 824, 826, 834, 836, 830, 828, 835} (u=36273521)
candidates=232 | minU: 34601129 -> 34702517 | trigger={822, 837, 831, 832, 825, 833, 829, 820, 827, 823, 824, 826, 834, 836, 828, 835} (u=34826143)
candidates=235 | minU: 34702517 -> 34730748 | trigger={822, 837, 831, 832, 825, 833, 829, 820, 827, 823, 824, 826, 834, 830, 828, 835} (u=35092536)
candidates=246 | minU: 34730748 -> 34826143 | trigger={822, 837, 831, 832, 825, 833, 829, 827, 823, 824, 826, 834, 836, 830, 828, 835} (u=35326672)
candidates=265 | minU: 34826143 -> 34936836 | trigger={822, 837, 831, 832, 825, 833, 819, 821, 820, 827, 823, 824, 826, 834, 836, 830, 828} (u=35616276)
candidates=266 | minU: 34936836 -> 35092536 | trigger={822, 837, 831, 832, 825, 833, 819, 821, 820, 827, 823, 824, 826, 834, 836, 830, 828, 835} (u=37373300)
candidates=267 | minU: 35092536 -> 35153858 | trigger={822, 837, 831, 832, 825, 833, 819, 821, 820, 827, 823, 824, 826, 834, 836, 830, 835} (u=35699486)
candidates=269 | minU: 35153858 -> 35326672 | trigger={822, 837, 831, 832, 825, 833, 819, 821, 820, 827, 823, 824, 826, 834, 836, 828, 835} (u=35999301)
candidates=272 | minU: 35326672 -> 35411307 | trigger={822, 837, 831, 832, 825, 833, 819, 821, 820, 827, 823, 824, 826, 834, 830, 828, 835} (u=36242761)
candidates=278 | minU: 35411307 -> 35493015 | trigger={822, 837, 831, 832, 825, 833, 819, 821, 820, 827, 823, 824, 834, 836, 830, 828, 835} (u=35493015)
candidates=292 | minU: 35493015 -> 35616276 | trigger={822, 837, 831, 832, 825, 833, 819, 821, 827, 823, 824, 826, 834, 836, 830, 828, 835} (u=37040876)
candidates=296 | minU: 35616276 -> 35699486 | trigger={822, 837, 831, 832, 825, 833, 819, 821, 827, 823, 824, 826, 834, 830, 828, 835} (u=35845064)
candidates=307 | minU: 35699486 -> 35748052 | trigger={822, 837, 831, 832, 825, 833, 819, 820, 827, 823, 824, 826, 834, 836, 830, 828, 835} (u=36890818)
candidates=317 | minU: 35748052 -> 35845064 | trigger={822, 837, 831, 832, 825, 833, 819, 827, 823, 824, 826, 834, 836, 830, 828, 835} (u=36410491)
candidates=327 | minU: 35845064 -> 35999301 | trigger={822, 837, 831, 832, 825, 833, 821, 820, 827, 823, 824, 826, 834, 836, 830, 828} (u=37512438)
candidates=328 | minU: 35999301 -> 36242761 | trigger={822, 837, 831, 832, 825, 833, 821, 820, 827, 823, 824, 826, 834, 836, 830, 828, 835} (u=39543493)
candidates=329 | minU: 36242761 -> 36273521 | trigger={822, 837, 831, 832, 825, 833, 821, 820, 827, 823, 824, 826, 834, 836, 830, 835} (u=37669736)
candidates=331 | minU: 36273521 -> 36410491 | trigger={822, 837, 831, 832, 825, 833, 821, 820, 827, 823, 824, 826, 834, 836, 828, 835} (u=38011727)
candidates=335 | minU: 36410491 -> 36541347 | trigger={822, 837, 831, 832, 825, 833, 821, 820, 827, 823, 824, 826, 834, 830, 828, 835} (u=38277288)
candidates=337 | minU: 36541347 -> 36746901 | trigger={822, 837, 831, 832, 825, 833, 821, 820, 827, 823, 824, 826, 834, 828, 835} (u=36746901)
candidates=342 | minU: 36746901 -> 36890818 | trigger={822, 837, 831, 832, 825, 833, 821, 820, 827, 823, 824, 834, 836, 830, 828, 835} (u=37459054)
candidates=348 | minU: 36890818 -> 37040876 | trigger={822, 837, 831, 832, 825, 833, 821, 820, 827, 823, 826, 834, 836, 830, 828, 835} (u=37309233)
candidates=355 | minU: 37040876 -> 37152462 | trigger={822, 837, 831, 832, 825, 833, 821, 820, 827, 824, 826, 834, 836, 830, 828, 835} (u=37152462)
candidates=363 | minU: 37152462 -> 37309233 | trigger={822, 837, 831, 832, 825, 833, 821, 820, 823, 824, 826, 834, 836, 830, 828, 835} (u=37444136)
candidates=372 | minU: 37309233 -> 37373300 | trigger={822, 837, 831, 832, 825, 833, 821, 827, 823, 824, 826, 834, 836, 830, 828, 835} (u=38905455)
candidates=375 | minU: 37373300 -> 37444136 | trigger={822, 837, 831, 832, 825, 833, 821, 827, 823, 824, 826, 834, 830, 828, 835} (u=37569597)
candidates=386 | minU: 37444136 -> 37459054 | trigger={822, 837, 831, 832, 825, 833, 820, 827, 823, 824, 826, 834, 836, 830, 828, 835} (u=39369759)
candidates=388 | minU: 37459054 -> 37512438 | trigger={822, 837, 831, 832, 825, 833, 820, 827, 823, 824, 826, 834, 836, 828, 835} (u=37767291)
candidates=391 | minU: 37512438 -> 37569597 | trigger={822, 837, 831, 832, 825, 833, 820, 827, 823, 824, 826, 834, 830, 828, 835} (u=38042612)
candidates=403 | minU: 37569597 -> 37669736 | trigger={822, 837, 831, 832, 825, 833, 827, 823, 824, 826, 834, 836, 830, 828, 835} (u=38531693)
candidates=428 | minU: 37669736 -> 37767291 | trigger={822, 837, 831, 832, 825, 829, 821, 820, 827, 823, 824, 826, 834, 836, 830, 828, 835} (u=39316380)
candidates=432 | minU: 37767291 -> 38011727 | trigger={822, 837, 831, 832, 825, 829, 821, 820, 827, 823, 824, 826, 834, 830, 828, 835} (u=38044655)
candidates=442 | minU: 38011727 -> 38042612 | trigger={822, 837, 831, 832, 825, 829, 821, 827, 823, 824, 826, 834, 836, 830, 828, 835} (u=38380677)
candidates=452 | minU: 38042612 -> 38044655 | trigger={822, 837, 831, 832, 825, 829, 820, 827, 823, 824, 826, 834, 836, 830, 828, 835} (u=39009217)
candidates=468 | minU: 38044655 -> 38277288 | trigger={822, 837, 831, 832, 825, 819, 821, 820, 827, 823, 824, 826, 834, 836, 830, 828, 835} (u=39963661)
candidates=470 | minU: 38277288 -> 38380677 | trigger={822, 837, 831, 832, 825, 819, 821, 820, 827, 823, 824, 826, 834, 836, 828, 835} (u=38426958)
candidates=473 | minU: 38380677 -> 38426958 | trigger={822, 837, 831, 832, 825, 819, 821, 820, 827, 823, 824, 826, 834, 830, 828, 835} (u=38700156)
candidates=485 | minU: 38426958 -> 38531693 | trigger={822, 837, 831, 832, 825, 819, 821, 827, 823, 824, 826, 834, 836, 830, 828, 835} (u=39541147)
candidates=495 | minU: 38531693 -> 38700156 | trigger={822, 837, 831, 832, 825, 819, 820, 827, 823, 824, 826, 834, 836, 830, 828, 835} (u=39411253)
candidates=504 | minU: 38700156 -> 38825681 | trigger={822, 837, 831, 832, 825, 819, 827, 823, 824, 826, 834, 836, 830, 828, 835} (u=38825681)
candidates=514 | minU: 38825681 -> 38905455 | trigger={822, 837, 831, 832, 825, 821, 820, 827, 823, 824, 826, 834, 836, 830, 828} (u=40353776)
candidates=515 | minU: 38905455 -> 39009217 | trigger={822, 837, 831, 832, 825, 821, 820, 827, 823, 824, 826, 834, 836, 830, 828, 835} (u=42636968)
candidates=516 | minU: 39009217 -> 39316380 | trigger={822, 837, 831, 832, 825, 821, 820, 827, 823, 824, 826, 834, 836, 830, 835} (u=40389896)
candidates=518 | minU: 39316380 -> 39369759 | trigger={822, 837, 831, 832, 825, 821, 820, 827, 823, 824, 826, 834, 836, 828, 835} (u=40904826)
candidates=521 | minU: 39369759 -> 39411253 | trigger={822, 837, 831, 832, 825, 821, 820, 827, 823, 824, 826, 834, 830, 828, 835} (u=41208220)
candidates=523 | minU: 39411253 -> 39477092 | trigger={822, 837, 831, 832, 825, 821, 820, 827, 823, 824, 826, 834, 828, 835} (u=39477092)
candidates=528 | minU: 39477092 -> 39541147 | trigger={822, 837, 831, 832, 825, 821, 820, 827, 823, 824, 834, 836, 830, 828, 835} (u=40223128)
candidates=534 | minU: 39541147 -> 39543493 | trigger={822, 837, 831, 832, 825, 821, 820, 827, 823, 826, 834, 836, 830, 828, 835} (u=40204640)
candidates=541 | minU: 39543493 -> 39910008 | trigger={822, 837, 831, 832, 825, 821, 820, 827, 824, 826, 834, 836, 830, 828, 835} (u=39910008)
candidates=549 | minU: 39910008 -> 39963661 | trigger={822, 837, 831, 832, 825, 821, 820, 823, 824, 826, 834, 836, 830, 828, 835} (u=40207198)
candidates=558 | minU: 39963661 -> 40204640 | trigger={822, 837, 831, 832, 825, 821, 827, 823, 824, 826, 834, 836, 830, 828, 835} (u=41849107)
candidates=562 | minU: 40204640 -> 40207198 | trigger={822, 837, 831, 832, 825, 821, 827, 823, 824, 826, 834, 830, 828, 835} (u=40340985)
candidates=573 | minU: 40207198 -> 40223128 | trigger={822, 837, 831, 832, 825, 820, 827, 823, 824, 826, 834, 836, 830, 828, 835} (u=42435383)
candidates=575 | minU: 40223128 -> 40340985 | trigger={822, 837, 831, 832, 825, 820, 827, 823, 824, 826, 834, 836, 828, 835} (u=40621654)
candidates=578 | minU: 40340985 -> 40353776 | trigger={822, 837, 831, 832, 825, 820, 827, 823, 824, 826, 834, 830, 828, 835} (u=40937863)
candidates=590 | minU: 40353776 -> 40389896 | trigger={822, 837, 831, 832, 825, 827, 823, 824, 826, 834, 836, 830, 828, 835} (u=41421728)
candidates=616 | minU: 40389896 -> 40621654 | trigger={822, 837, 831, 832, 833, 829, 821, 820, 827, 823, 824, 826, 834, 836, 830, 828, 835} (u=41382167)
candidates=629 | minU: 40621654 -> 40718723 | trigger={822, 837, 831, 832, 833, 829, 820, 827, 823, 824, 826, 834, 836, 830, 828, 835} (u=40718723)
candidates=642 | minU: 40718723 -> 40904826 | trigger={822, 837, 831, 832, 833, 819, 821, 820, 827, 823, 824, 826, 834, 836, 830, 828, 835} (u=42291380)
candidates=645 | minU: 40904826 -> 40937863 | trigger={822, 837, 831, 832, 833, 819, 821, 820, 827, 823, 824, 826, 834, 830, 828, 835} (u=40949595)
candidates=654 | minU: 40937863 -> 40949595 | trigger={822, 837, 831, 832, 833, 819, 821, 827, 823, 824, 826, 834, 836, 830, 828, 835} (u=41526107)
candidates=664 | minU: 40949595 -> 41208220 | trigger={822, 837, 831, 832, 833, 819, 820, 827, 823, 824, 826, 834, 836, 830, 828, 835} (u=41429047)
candidates=676 | minU: 41208220 -> 41382167 | trigger={822, 837, 831, 832, 833, 821, 820, 827, 823, 824, 826, 834, 836, 830, 828} (u=41915665)
candidates=677 | minU: 41382167 -> 41421728 | trigger={822, 837, 831, 832, 833, 821, 820, 827, 823, 824, 826, 834, 836, 830, 828, 835} (u=44332309)
candidates=678 | minU: 41421728 -> 41429047 | trigger={822, 837, 831, 832, 833, 821, 820, 827, 823, 824, 826, 834, 836, 830, 835} (u=42126441)
candidates=680 | minU: 41429047 -> 41526107 | trigger={822, 837, 831, 832, 833, 821, 820, 827, 823, 824, 826, 834, 836, 828, 835} (u=42507586)
candidates=683 | minU: 41526107 -> 41849107 | trigger={822, 837, 831, 832, 833, 821, 820, 827, 823, 824, 826, 834, 830, 828, 835} (u=42832991)
candidates=699 | minU: 41849107 -> 41915665 | trigger={822, 837, 831, 832, 833, 821, 827, 823, 824, 826, 834, 836, 830, 828, 835} (u=43218018)
candidates=709 | minU: 41915665 -> 42126441 | trigger={822, 837, 831, 832, 833, 820, 827, 823, 824, 826, 834, 836, 830, 828, 835} (u=43717226)
candidates=712 | minU: 42126441 -> 42150052 | trigger={822, 837, 831, 832, 833, 820, 827, 823, 824, 826, 834, 830, 828, 835} (u=42150052)
candidates=721 | minU: 42150052 -> 42291380 | trigger={822, 837, 831, 832, 833, 827, 823, 824, 826, 834, 836, 830, 828, 835} (u=42383551)
candidates=740 | minU: 42291380 -> 42383551 | trigger={822, 837, 831, 832, 829, 821, 820, 827, 823, 824, 826, 834, 836, 830, 828, 835} (u=44410422)
candidates=742 | minU: 42383551 -> 42435383 | trigger={822, 837, 831, 832, 829, 821, 820, 827, 823, 824, 826, 834, 836, 828, 835} (u=42540188)
candidates=745 | minU: 42435383 -> 42507586 | trigger={822, 837, 831, 832, 829, 821, 820, 827, 823, 824, 826, 834, 830, 828, 835} (u=42898541)
candidates=755 | minU: 42507586 -> 42540188 | trigger={822, 837, 831, 832, 829, 821, 827, 823, 824, 826, 834, 836, 830, 828, 835} (u=43005634)
candidates=765 | minU: 42540188 -> 42636968 | trigger={822, 837, 831, 832, 829, 820, 827, 823, 824, 826, 834, 836, 830, 828, 835} (u=43658751)
candidates=778 | minU: 42636968 -> 42799306 | trigger={822, 837, 831, 832, 819, 821, 820, 827, 823, 824, 826, 834, 836, 830, 828} (u=42799306)
candidates=779 | minU: 42799306 -> 42832991 | trigger={822, 837, 831, 832, 819, 821, 820, 827, 823, 824, 826, 834, 836, 830, 828, 835} (u=45129544)
candidates=782 | minU: 42832991 -> 42898541 | trigger={822, 837, 831, 832, 819, 821, 820, 827, 823, 824, 826, 834, 836, 828, 835} (u=43293946)
candidates=785 | minU: 42898541 -> 43005634 | trigger={822, 837, 831, 832, 819, 821, 820, 827, 823, 824, 826, 834, 830, 828, 835} (u=43630410)
candidates=797 | minU: 43005634 -> 43218018 | trigger={822, 837, 831, 832, 819, 821, 827, 823, 824, 826, 834, 836, 830, 828, 835} (u=44223061)
candidates=807 | minU: 43218018 -> 43293946 | trigger={822, 837, 831, 832, 819, 820, 827, 823, 824, 826, 834, 836, 830, 828, 835} (u=44152444)
candidates=821 | minU: 43293946 -> 43630410 | trigger={822, 837, 831, 832, 821, 820, 827, 823, 824, 826, 834, 836, 830, 828} (u=44949869)
candidates=822 | minU: 43630410 -> 43658751 | trigger={822, 837, 831, 832, 821, 820, 827, 823, 824, 826, 834, 836, 830, 828, 835} (u=47663654)
candidates=823 | minU: 43658751 -> 43717226 | trigger={822, 837, 831, 832, 821, 820, 827, 823, 824, 826, 834, 836, 830, 835} (u=45020919)
candidates=825 | minU: 43717226 -> 44152444 | trigger={822, 837, 831, 832, 821, 820, 827, 823, 824, 826, 834, 836, 828, 835} (u=45604882)
candidates=828 | minU: 44152444 -> 44223061 | trigger={822, 837, 831, 832, 821, 820, 827, 823, 824, 826, 834, 830, 828, 835} (u=45973685)
candidates=834 | minU: 44223061 -> 44332309 | trigger={822, 837, 831, 832, 821, 820, 827, 823, 824, 834, 836, 830, 828, 835} (u=44791352)
candidates=840 | minU: 44332309 -> 44410422 | trigger={822, 837, 831, 832, 821, 820, 827, 823, 826, 834, 836, 830, 828, 835} (u=44706711)
candidates=850 | minU: 44410422 -> 44519846 | trigger={822, 837, 831, 832, 821, 820, 823, 824, 826, 834, 836, 830, 828, 835} (u=44519846)
candidates=859 | minU: 44519846 -> 44706711 | trigger={822, 837, 831, 832, 821, 827, 823, 824, 826, 834, 836, 830, 828, 835} (u=46336482)
candidates=871 | minU: 44706711 -> 44791352 | trigger={822, 837, 831, 832, 820, 827, 823, 824, 826, 834, 836, 830, 828, 835} (u=46963704)
candidates=873 | minU: 44791352 -> 44815418 | trigger={822, 837, 831, 832, 820, 827, 823, 824, 826, 834, 836, 828, 835} (u=44815418)
candidates=876 | minU: 44815418 -> 44949869 | trigger={822, 837, 831, 832, 820, 827, 823, 824, 826, 834, 830, 828, 835} (u=45197432)
candidates=885 | minU: 44949869 -> 45020919 | trigger={822, 837, 831, 832, 827, 823, 824, 826, 834, 836, 830, 828, 835} (u=45389317)
candidates=918 | minU: 45020919 -> 45129544 | trigger={822, 837, 831, 825, 833, 819, 821, 820, 827, 823, 824, 826, 834, 836, 830, 828, 835} (u=45487669)
candidates=937 | minU: 45129544 -> 45197432 | trigger={822, 837, 831, 825, 833, 821, 820, 827, 823, 824, 826, 834, 836, 830, 828, 835} (u=47051091)
candidates=941 | minU: 45197432 -> 45389317 | trigger={822, 837, 831, 825, 833, 821, 820, 827, 823, 824, 826, 834, 830, 828, 835} (u=45490168)
candidates=951 | minU: 45389317 -> 45487669 | trigger={822, 837, 831, 825, 833, 821, 827, 823, 824, 826, 834, 836, 830, 828, 835} (u=45860781)
candidates=961 | minU: 45487669 -> 45490168 | trigger={822, 837, 831, 825, 833, 820, 827, 823, 824, 826, 834, 836, 830, 828, 835} (u=46543476)
candidates=978 | minU: 45490168 -> 45604882 | trigger={822, 837, 831, 825, 829, 819, 821, 820, 827, 823, 824, 826, 834, 836, 830, 828, 835} (u=47134526)
candidates=981 | minU: 45604882 -> 45645205 | trigger={822, 837, 831, 825, 829, 819, 821, 820, 827, 823, 824, 826, 834, 830, 828, 835} (u=45645205)
candidates=991 | minU: 45645205 -> 45860781 | trigger={822, 837, 831, 825, 829, 819, 821, 827, 823, 824, 826, 834, 836, 830, 828, 835} (u=45939102)
candidates=1001 | minU: 45860781 -> 45939102 | trigger={822, 837, 831, 825, 829, 819, 820, 827, 823, 824, 826, 834, 836, 830, 828, 835} (u=46132699)
candidates=1013 | minU: 45939102 -> 45973685 | trigger={822, 837, 831, 825, 829, 821, 820, 827, 823, 824, 826, 834, 836, 830, 828} (u=46857756)
candidates=1014 | minU: 45973685 -> 46132699 | trigger={822, 837, 831, 825, 829, 821, 820, 827, 823, 824, 826, 834, 836, 830, 828, 835} (u=49454021)
candidates=1015 | minU: 46132699 -> 46336482 | trigger={822, 837, 831, 825, 829, 821, 820, 827, 823, 824, 826, 834, 836, 830, 835} (u=46781146)
candidates=1017 | minU: 46336482 -> 46543476 | trigger={822, 837, 831, 825, 829, 821, 820, 827, 823, 824, 826, 834, 836, 828, 835} (u=47405350)
candidates=1020 | minU: 46543476 -> 46781146 | trigger={822, 837, 831, 825, 829, 821, 820, 827, 823, 824, 826, 834, 830, 828, 835} (u=47798335)
candidates=1027 | minU: 46781146 -> 46857756 | trigger={822, 837, 831, 825, 829, 821, 820, 827, 823, 826, 834, 836, 830, 828, 835} (u=46962426)
candidates=1039 | minU: 46857756 -> 46962426 | trigger={822, 837, 831, 825, 829, 821, 827, 823, 824, 826, 834, 836, 830, 828, 835} (u=47883949)
candidates=1049 | minU: 46962426 -> 46963704 | trigger={822, 837, 831, 825, 829, 820, 827, 823, 824, 826, 834, 836, 830, 828, 835} (u=48795090)
candidates=1052 | minU: 46963704 -> 47051091 | trigger={822, 837, 831, 825, 829, 820, 827, 823, 824, 826, 834, 830, 828, 835} (u=47071378)
candidates=1068 | minU: 47051091 -> 47071378 | trigger={822, 837, 831, 825, 819, 821, 820, 827, 823, 824, 826, 834, 836, 830, 828} (u=48591706)
candidates=1069 | minU: 47071378 -> 47134526 | trigger={822, 837, 831, 825, 819, 821, 820, 827, 823, 824, 826, 834, 836, 830, 828, 835} (u=51147192)
candidates=1070 | minU: 47134526 -> 47405350 | trigger={822, 837, 831, 825, 819, 821, 820, 827, 823, 824, 826, 834, 836, 830, 835} (u=48341203)
candidates=1072 | minU: 47405350 -> 47663654 | trigger={822, 837, 831, 825, 819, 821, 820, 827, 823, 824, 826, 834, 836, 828, 835} (u=49097086)
candidates=1075 | minU: 47663654 -> 47798335 | trigger={822, 837, 831, 825, 819, 821, 820, 827, 823, 824, 826, 834, 830, 828, 835} (u=49475581)
candidates=1081 | minU: 47798335 -> 47883949 | trigger={822, 837, 831, 825, 819, 821, 820, 827, 823, 824, 834, 836, 830, 828, 835} (u=48213717)
candidates=1087 | minU: 47883949 -> 48213717 | trigger={822, 837, 831, 825, 819, 821, 820, 827, 823, 826, 834, 836, 830, 828, 835} (u=48665883)
candidates=1101 | minU: 48213717 -> 48341203 | trigger={822, 837, 831, 825, 819, 821, 827, 823, 824, 826, 834, 836, 830, 828, 835} (u=50094767)
candidates=1113 | minU: 48341203 -> 48591706 | trigger={822, 837, 831, 825, 819, 820, 827, 823, 824, 826, 834, 836, 830, 828, 835} (u=50265731)
candidates=1124 | minU: 48591706 -> 48665883 | trigger={822, 837, 831, 825, 819, 827, 823, 824, 826, 834, 836, 830, 828, 835} (u=49003479)
candidates=1134 | minU: 48665883 -> 48795090 | trigger={822, 837, 831, 825, 821, 820, 827, 823, 824, 826, 834, 836, 830, 828} (u=50162165)
candidates=1135 | minU: 48795090 -> 49003479 | trigger={822, 837, 831, 825, 821, 820, 827, 823, 824, 826, 834, 836, 830, 828, 835} (u=53064806)
candidates=1136 | minU: 49003479 -> 49097086 | trigger={822, 837, 831, 825, 821, 820, 827, 823, 824, 826, 834, 836, 830, 835} (u=49973941)
candidates=1138 | minU: 49097086 -> 49454021 | trigger={822, 837, 831, 825, 821, 820, 827, 823, 824, 826, 834, 836, 828, 835} (u=50811866)
candidates=1141 | minU: 49454021 -> 49475581 | trigger={822, 837, 831, 825, 821, 820, 827, 823, 824, 826, 834, 830, 828, 835} (u=51219358)
candidates=1147 | minU: 49475581 -> 49850958 | trigger={822, 837, 831, 825, 821, 820, 827, 823, 824, 834, 836, 830, 828, 835} (u=49850958)
candidates=1153 | minU: 49850958 -> 49973941 | trigger={822, 837, 831, 825, 821, 820, 827, 823, 826, 834, 836, 830, 828, 835} (u=50267605)
candidates=1166 | minU: 49973941 -> 50094767 | trigger={822, 837, 831, 825, 821, 827, 823, 824, 826, 834, 836, 830, 828, 835} (u=51605672)
candidates=1177 | minU: 50094767 -> 50162165 | trigger={822, 837, 831, 825, 820, 827, 823, 824, 826, 834, 836, 830, 828, 835} (u=52515559)
candidates=1179 | minU: 50162165 -> 50164107 | trigger={822, 837, 831, 825, 820, 827, 823, 824, 826, 834, 836, 828, 835} (u=50164107)
candidates=1182 | minU: 50164107 -> 50265731 | trigger={822, 837, 831, 825, 820, 827, 823, 824, 826, 834, 830, 828, 835} (u=50588402)
candidates=1192 | minU: 50265731 -> 50267605 | trigger={822, 837, 831, 825, 827, 823, 824, 826, 834, 836, 830, 828, 835} (u=50779385)
candidates=1220 | minU: 50267605 -> 50588402 | trigger={822, 837, 831, 833, 819, 821, 820, 827, 823, 824, 826, 834, 836, 830, 828, 835} (u=51288067)
candidates=1239 | minU: 50588402 -> 50779385 | trigger={822, 837, 831, 833, 821, 820, 827, 823, 824, 826, 834, 836, 830, 828, 835} (u=52582905)
candidates=1257 | minU: 50779385 -> 50811866 | trigger={822, 837, 831, 833, 820, 827, 823, 824, 826, 834, 836, 830, 828, 835} (u=51500225)
candidates=1271 | minU: 50811866 -> 50819442 | trigger={822, 837, 831, 829, 819, 821, 820, 827, 823, 824, 826, 834, 836, 830, 828} (u=50819442)
candidates=1272 | minU: 50819442 -> 51147192 | trigger={822, 837, 831, 829, 819, 821, 820, 827, 823, 824, 826, 834, 836, 830, 828, 835} (u=53531625)
candidates=1274 | minU: 51147192 -> 51219358 | trigger={822, 837, 831, 829, 819, 821, 820, 827, 823, 824, 826, 834, 836, 828, 835} (u=51314415)
candidates=1277 | minU: 51219358 -> 51288067 | trigger={822, 837, 831, 829, 819, 821, 820, 827, 823, 824, 826, 834, 830, 828, 835} (u=51754386)
candidates=1288 | minU: 51288067 -> 51314415 | trigger={822, 837, 831, 829, 819, 821, 827, 823, 824, 826, 834, 836, 830, 828, 835} (u=51756862)
candidates=1298 | minU: 51314415 -> 51500225 | trigger={822, 837, 831, 829, 819, 820, 827, 823, 824, 826, 834, 836, 830, 828, 835} (u=52007566)
candidates=1310 | minU: 51500225 -> 51605672 | trigger={822, 837, 831, 829, 821, 820, 827, 823, 824, 826, 834, 836, 830, 828} (u=52508861)
candidates=1311 | minU: 51605672 -> 51754386 | trigger={822, 837, 831, 829, 821, 820, 827, 823, 824, 826, 834, 836, 830, 828, 835} (u=55607788)
candidates=1312 | minU: 51754386 -> 51756862 | trigger={822, 837, 831, 829, 821, 820, 827, 823, 824, 826, 834, 836, 830, 835} (u=52461746)
candidates=1314 | minU: 51756862 -> 52007566 | trigger={822, 837, 831, 829, 821, 820, 827, 823, 824, 826, 834, 836, 828, 835} (u=53165975)
candidates=1317 | minU: 52007566 -> 52461746 | trigger={822, 837, 831, 829, 821, 820, 827, 823, 824, 826, 834, 830, 828, 835} (u=53638810)
candidates=1324 | minU: 52461746 -> 52508861 | trigger={822, 837, 831, 829, 821, 820, 827, 823, 826, 834, 836, 830, 828, 835} (u=52513624)
candidates=1336 | minU: 52508861 -> 52513624 | trigger={822, 837, 831, 829, 821, 827, 823, 824, 826, 834, 836, 830, 828, 835} (u=53403895)
candidates=1346 | minU: 52513624 -> 52515559 | trigger={822, 837, 831, 829, 820, 827, 823, 824, 826, 834, 836, 830, 828, 835} (u=54349859)
candidates=1360 | minU: 52515559 -> 52582905 | trigger={822, 837, 831, 819, 821, 820, 827, 823, 824, 826, 834, 836, 830, 828} (u=54382464)
candidates=1361 | minU: 52582905 -> 53064806 | trigger={822, 837, 831, 819, 821, 820, 827, 823, 824, 826, 834, 836, 830, 828, 835} (u=57426390)
candidates=1362 | minU: 53064806 -> 53165975 | trigger={822, 837, 831, 819, 821, 820, 827, 823, 824, 826, 834, 836, 830, 835} (u=54131878)
candidates=1364 | minU: 53165975 -> 53403895 | trigger={822, 837, 831, 819, 821, 820, 827, 823, 824, 826, 834, 836, 828, 835} (u=54985552)
candidates=1367 | minU: 53403895 -> 53531625 | trigger={822, 837, 831, 819, 821, 820, 827, 823, 824, 826, 834, 830, 828, 835} (u=55443411)
candidates=1373 | minU: 53531625 -> 53638810 | trigger={822, 837, 831, 819, 821, 820, 827, 823, 824, 834, 836, 830, 828, 835} (u=53942936)
candidates=1379 | minU: 53638810 -> 53942936 | trigger={822, 837, 831, 819, 821, 820, 827, 823, 826, 834, 836, 830, 828, 835} (u=54348138)
candidates=1391 | minU: 53942936 -> 54131878 | trigger={822, 837, 831, 819, 821, 827, 823, 824, 826, 834, 836, 830, 828, 835} (u=55712335)
candidates=1402 | minU: 54131878 -> 54348138 | trigger={822, 837, 831, 819, 820, 827, 823, 824, 826, 834, 836, 830, 828, 835} (u=55965107)
candidates=1416 | minU: 54348138 -> 54349859 | trigger={822, 837, 831, 821, 820, 827, 823, 824, 826, 834, 836, 830, 828} (u=55584141)
candidates=1417 | minU: 54349859 -> 54382464 | trigger={822, 837, 831, 821, 820, 827, 823, 824, 826, 834, 836, 830, 828, 835} (u=59028933)
candidates=1418 | minU: 54382464 -> 54985552 | trigger={822, 837, 831, 821, 820, 827, 823, 824, 826, 834, 836, 830, 835} (u=55413453)
candidates=1420 | minU: 54985552 -> 55413453 | trigger={822, 837, 831, 821, 820, 827, 823, 824, 826, 834, 836, 828, 835} (u=56356819)
candidates=1423 | minU: 55413453 -> 55443411 | trigger={822, 837, 831, 821, 820, 827, 823, 824, 826, 834, 830, 828, 835} (u=56845648)
candidates=1430 | minU: 55443411 -> 55581172 | trigger={822, 837, 831, 821, 820, 827, 823, 826, 834, 836, 830, 828, 835} (u=55581172)
candidates=1442 | minU: 55581172 -> 55584141 | trigger={822, 837, 831, 821, 827, 823, 824, 826, 834, 836, 830, 828, 835} (u=56849981)
candidates=1452 | minU: 55584141 -> 55607788 | trigger={822, 837, 831, 820, 827, 823, 824, 826, 834, 836, 830, 828, 835} (u=57817800)
candidates=1500 | minU: 55607788 -> 55712335 | trigger={822, 837, 832, 821, 820, 827, 823, 824, 826, 834, 836, 830, 828, 835} (u=57117480)
candidates=1539 | minU: 55712335 -> 55965107 | trigger={822, 837, 825, 833, 821, 820, 827, 823, 824, 826, 834, 836, 830, 828, 835} (u=56825906)
candidates=1560 | minU: 55965107 -> 56356819 | trigger={822, 837, 825, 829, 819, 821, 820, 827, 823, 824, 826, 834, 836, 830, 828, 835} (u=57503092)
candidates=1579 | minU: 56356819 -> 56825906 | trigger={822, 837, 825, 829, 821, 820, 827, 823, 824, 826, 834, 836, 830, 828, 835} (u=59676903)
candidates=1581 | minU: 56825906 -> 56845648 | trigger={822, 837, 825, 829, 821, 820, 827, 823, 824, 826, 834, 836, 828, 835} (u=56997233)
candidates=1584 | minU: 56845648 -> 56849981 | trigger={822, 837, 825, 829, 821, 820, 827, 823, 824, 826, 834, 830, 828, 835} (u=57539492)
candidates=1595 | minU: 56849981 -> 56997233 | trigger={822, 837, 825, 829, 821, 827, 823, 824, 826, 834, 836, 830, 828, 835} (u=57427803)
candidates=1605 | minU: 56997233 -> 57117480 | trigger={822, 837, 825, 829, 820, 827, 823, 824, 826, 834, 836, 830, 828, 835} (u=58250187)
candidates=1618 | minU: 57117480 -> 57426390 | trigger={822, 837, 825, 819, 821, 820, 827, 823, 824, 826, 834, 836, 830, 828} (u=58496402)
candidates=1619 | minU: 57426390 -> 57427803 | trigger={822, 837, 825, 819, 821, 820, 827, 823, 824, 826, 834, 836, 830, 828, 835} (u=61830550)
candidates=1620 | minU: 57427803 -> 57503092 | trigger={822, 837, 825, 819, 821, 820, 827, 823, 824, 826, 834, 836, 830, 835} (u=58265822)
candidates=1622 | minU: 57503092 -> 57539492 | trigger={822, 837, 825, 819, 821, 820, 827, 823, 824, 826, 834, 836, 828, 835} (u=59144695)
candidates=1625 | minU: 57539492 -> 57817800 | trigger={822, 837, 825, 819, 821, 820, 827, 823, 824, 826, 834, 830, 828, 835} (u=59675888)
candidates=1630 | minU: 57817800 -> 57983136 | trigger={822, 837, 825, 819, 821, 820, 827, 823, 824, 834, 836, 830, 828, 835} (u=57983136)
candidates=1636 | minU: 57983136 -> 58250187 | trigger={822, 837, 825, 819, 821, 820, 827, 823, 826, 834, 836, 830, 828, 835} (u=58507274)
candidates=1647 | minU: 58250187 -> 58265822 | trigger={822, 837, 825, 819, 821, 827, 823, 824, 826, 834, 836, 830, 828, 835} (u=60119720)
candidates=1657 | minU: 58265822 -> 58496402 | trigger={822, 837, 825, 819, 820, 827, 823, 824, 826, 834, 836, 830, 828, 835} (u=60171617)
candidates=1671 | minU: 58496402 -> 58507274 | trigger={822, 837, 825, 821, 820, 827, 823, 824, 826, 834, 836, 830, 828} (u=59730595)
candidates=1672 | minU: 58507274 -> 59028933 | trigger={822, 837, 825, 821, 820, 827, 823, 824, 826, 834, 836, 830, 828, 835} (u=63476151)
candidates=1673 | minU: 59028933 -> 59144695 | trigger={822, 837, 825, 821, 820, 827, 823, 824, 826, 834, 836, 830, 835} (u=59580683)
candidates=1675 | minU: 59144695 -> 59580683 | trigger={822, 837, 825, 821, 820, 827, 823, 824, 826, 834, 836, 828, 835} (u=60543676)
candidates=1678 | minU: 59580683 -> 59675888 | trigger={822, 837, 825, 821, 820, 827, 823, 824, 826, 834, 830, 828, 835} (u=61105356)
candidates=1685 | minU: 59675888 -> 59676903 | trigger={822, 837, 825, 821, 820, 827, 823, 826, 834, 836, 830, 828, 835} (u=59760023)
candidates=1696 | minU: 59676903 -> 59730595 | trigger={822, 837, 825, 821, 827, 823, 824, 826, 834, 836, 830, 828, 835} (u=61279031)
candidates=1706 | minU: 59730595 -> 59760023 | trigger={822, 837, 825, 820, 827, 823, 824, 826, 834, 836, 830, 828, 835} (u=62059560)
candidates=1730 | minU: 59760023 -> 60119720 | trigger={822, 837, 833, 829, 821, 820, 827, 823, 824, 826, 834, 836, 830, 828, 835} (u=60389459)
candidates=1745 | minU: 60119720 -> 60171617 | trigger={822, 837, 833, 819, 821, 820, 827, 823, 824, 826, 834, 836, 830, 828, 835} (u=62337805)
candidates=1762 | minU: 60171617 -> 60201203 | trigger={822, 837, 833, 819, 820, 827, 823, 824, 826, 834, 836, 830, 828, 835} (u=60201203)
candidates=1774 | minU: 60201203 -> 60389459 | trigger={822, 837, 833, 821, 820, 827, 823, 824, 826, 834, 836, 830, 828, 835} (u=63267299)
candidates=1778 | minU: 60389459 -> 60543676 | trigger={822, 837, 833, 821, 820, 827, 823, 824, 826, 834, 830, 828, 835} (u=60871559)
candidates=1787 | minU: 60543676 -> 60623146 | trigger={822, 837, 833, 821, 827, 823, 824, 826, 834, 836, 830, 828, 835} (u=60623146)
candidates=1797 | minU: 60623146 -> 60871559 | trigger={822, 837, 833, 820, 827, 823, 824, 826, 834, 836, 830, 828, 835} (u=61272150)
candidates=1810 | minU: 60871559 -> 61105356 | trigger={822, 837, 829, 819, 821, 820, 827, 823, 824, 826, 834, 836, 830, 828} (u=61450232)
candidates=1811 | minU: 61105356 -> 61272150 | trigger={822, 837, 829, 819, 821, 820, 827, 823, 824, 826, 834, 836, 830, 828, 835} (u=65017041)
candidates=1812 | minU: 61272150 -> 61279031 | trigger={822, 837, 829, 819, 821, 820, 827, 823, 824, 826, 834, 836, 830, 835} (u=61382443)
candidates=1814 | minU: 61279031 -> 61382443 | trigger={822, 837, 829, 819, 821, 820, 827, 823, 824, 826, 834, 836, 828, 835} (u=62104517)
candidates=1817 | minU: 61382443 -> 61450232 | trigger={822, 837, 829, 819, 821, 820, 827, 823, 824, 826, 834, 830, 828, 835} (u=62717908)
candidates=1829 | minU: 61450232 -> 61830550 | trigger={822, 837, 829, 819, 821, 827, 823, 824, 826, 834, 836, 830, 828, 835} (u=62467328)
candidates=1839 | minU: 61830550 -> 62059560 | trigger={822, 837, 829, 819, 820, 827, 823, 824, 826, 834, 836, 830, 828, 835} (u=62672310)
candidates=1850 | minU: 62059560 -> 62104517 | trigger={822, 837, 829, 821, 820, 827, 823, 824, 826, 834, 836, 830, 828} (u=62797999)
candidates=1851 | minU: 62104517 -> 62337805 | trigger={822, 837, 829, 821, 820, 827, 823, 824, 826, 834, 836, 830, 828, 835} (u=66827359)
candidates=1852 | minU: 62337805 -> 62467328 | trigger={822, 837, 829, 821, 820, 827, 823, 824, 826, 834, 836, 830, 835} (u=62833579)
candidates=1854 | minU: 62467328 -> 62672310 | trigger={822, 837, 829, 821, 820, 827, 823, 824, 826, 834, 836, 828, 835} (u=63640816)
candidates=1857 | minU: 62672310 -> 62717908 | trigger={822, 837, 829, 821, 820, 827, 823, 824, 826, 834, 830, 828, 835} (u=64289526)
candidates=1872 | minU: 62717908 -> 62797999 | trigger={822, 837, 829, 821, 827, 823, 824, 826, 834, 836, 830, 828, 835} (u=63761017)
candidates=1882 | minU: 62797999 -> 62833579 | trigger={822, 837, 829, 820, 827, 823, 824, 826, 834, 836, 830, 828, 835} (u=64654661)
candidates=1895 | minU: 62833579 -> 63267299 | trigger={822, 837, 819, 821, 820, 827, 823, 824, 826, 834, 836, 830, 828} (u=65187106)
candidates=1896 | minU: 63267299 -> 63476151 | trigger={822, 837, 819, 821, 820, 827, 823, 824, 826, 834, 836, 830, 828, 835} (u=69165096)
candidates=1897 | minU: 63476151 -> 63640816 | trigger={822, 837, 819, 821, 820, 827, 823, 824, 826, 834, 836, 830, 835} (u=64971510)
candidates=1899 | minU: 63640816 -> 63761017 | trigger={822, 837, 819, 821, 820, 827, 823, 824, 826, 834, 836, 828, 835} (u=65973750)
candidates=1902 | minU: 63761017 -> 64289526 | trigger={822, 837, 819, 821, 820, 827, 823, 824, 826, 834, 830, 828, 835} (u=66610807)
candidates=1908 | minU: 64289526 -> 64604531 | trigger={822, 837, 819, 821, 820, 827, 823, 824, 834, 836, 830, 828, 835} (u=64604531)
candidates=1914 | minU: 64604531 -> 64654661 | trigger={822, 837, 819, 821, 820, 827, 823, 826, 834, 836, 830, 828, 835} (u=65060136)
candidates=1925 | minU: 64654661 -> 64971510 | trigger={822, 837, 819, 821, 827, 823, 824, 826, 834, 836, 830, 828, 835} (u=66599824)
candidates=1935 | minU: 64971510 -> 65017041 | trigger={822, 837, 819, 820, 827, 823, 824, 826, 834, 836, 830, 828, 835} (u=66774182)
candidates=1947 | minU: 65017041 -> 65060136 | trigger={822, 837, 821, 820, 827, 823, 824, 826, 834, 836, 830, 828} (u=65897319)
candidates=1948 | minU: 65060136 -> 65187106 | trigger={822, 837, 821, 820, 827, 823, 824, 826, 834, 836, 830, 828, 835} (u=70353363)
candidates=1949 | minU: 65187106 -> 65785256 | trigger={822, 837, 821, 820, 827, 823, 824, 826, 834, 836, 830, 835} (u=65785256)
candidates=1951 | minU: 65785256 -> 65897319 | trigger={822, 837, 821, 820, 827, 823, 824, 826, 834, 836, 828, 835} (u=66880405)
candidates=1954 | minU: 65897319 -> 65973750 | trigger={822, 837, 821, 820, 827, 823, 824, 826, 834, 830, 828, 835} (u=67550637)
candidates=1966 | minU: 65973750 -> 66599824 | trigger={822, 837, 821, 827, 823, 824, 826, 834, 836, 830, 828, 835} (u=67230177)
candidates=1976 | minU: 66599824 -> 66610807 | trigger={822, 837, 820, 827, 823, 824, 826, 834, 836, 830, 828, 835} (u=68112272)
candidates=2029 | minU: 66610807 -> 66774182 | trigger={822, 831, 825, 821, 820, 827, 823, 824, 826, 834, 836, 830, 828, 835} (u=68293951)
candidates=2042 | minU: 66774182 -> 66827359 | trigger={822, 831, 825, 820, 827, 823, 824, 826, 834, 836, 830, 828, 835} (u=68358903)
candidates=2084 | minU: 66827359 -> 66880405 | trigger={822, 831, 829, 821, 820, 827, 823, 824, 826, 834, 836, 830, 828, 835} (u=68981247)
candidates=2096 | minU: 66880405 -> 67230177 | trigger={822, 831, 829, 820, 827, 823, 824, 826, 834, 836, 830, 828, 835} (u=67957233)
candidates=2109 | minU: 67230177 -> 67550637 | trigger={822, 831, 819, 821, 820, 827, 823, 824, 826, 834, 836, 830, 828, 835} (u=71347666)
candidates=2111 | minU: 67550637 -> 67957233 | trigger={822, 831, 819, 821, 820, 827, 823, 824, 826, 834, 836, 828, 835} (u=68085600)
candidates=2114 | minU: 67957233 -> 68085600 | trigger={822, 831, 819, 821, 820, 827, 823, 824, 826, 834, 830, 828, 835} (u=68704381)
candidates=2125 | minU: 68085600 -> 68112272 | trigger={822, 831, 819, 821, 827, 823, 824, 826, 834, 836, 830, 828, 835} (u=68564106)
candidates=2135 | minU: 68112272 -> 68293951 | trigger={822, 831, 819, 820, 827, 823, 824, 826, 834, 836, 830, 828, 835} (u=69995494)
candidates=2147 | minU: 68293951 -> 68358903 | trigger={822, 831, 821, 820, 827, 823, 824, 826, 834, 836, 830, 828} (u=68503699)
candidates=2148 | minU: 68358903 -> 68503699 | trigger={822, 831, 821, 820, 827, 823, 824, 826, 834, 836, 830, 828, 835} (u=73282775)
candidates=2151 | minU: 68503699 -> 68564106 | trigger={822, 831, 821, 820, 827, 823, 824, 826, 834, 836, 828, 835} (u=69692792)
candidates=2154 | minU: 68564106 -> 68704381 | trigger={822, 831, 821, 820, 827, 823, 824, 826, 834, 830, 828, 835} (u=70364364)
candidates=2168 | minU: 68704381 -> 68981247 | trigger={822, 831, 821, 827, 823, 824, 826, 834, 836, 830, 828, 835} (u=69804879)
candidates=2178 | minU: 68981247 -> 69165096 | trigger={822, 831, 820, 827, 823, 824, 826, 834, 836, 830, 828, 835} (u=72397492)
candidates=2181 | minU: 69165096 -> 69315728 | trigger={822, 831, 820, 827, 823, 824, 826, 834, 830, 828, 835} (u=69315728)
candidates=2222 | minU: 69315728 -> 69692792 | trigger={822, 832, 821, 820, 827, 823, 824, 826, 834, 836, 830, 828, 835} (u=70163327)
candidates=2251 | minU: 69692792 -> 69804879 | trigger={822, 825, 833, 819, 821, 820, 827, 823, 824, 826, 834, 836, 830, 828, 835} (u=69828299)
candidates=2266 | minU: 69804879 -> 69828299 | trigger={822, 825, 833, 821, 820, 827, 823, 824, 826, 834, 836, 830, 828, 835} (u=71546675)
candidates=2278 | minU: 69828299 -> 69995494 | trigger={822, 825, 833, 820, 827, 823, 824, 826, 834, 836, 830, 828, 835} (u=70501942)
candidates=2292 | minU: 69995494 -> 70163327 | trigger={822, 825, 829, 819, 821, 820, 827, 823, 824, 826, 834, 836, 830, 828, 835} (u=72117885)
candidates=2305 | minU: 70163327 -> 70353363 | trigger={822, 825, 829, 819, 820, 827, 823, 824, 826, 834, 836, 830, 828, 835} (u=70377163)
candidates=2317 | minU: 70353363 -> 70364364 | trigger={822, 825, 829, 821, 820, 827, 823, 824, 826, 834, 836, 830, 828, 835} (u=74957974)
candidates=2319 | minU: 70364364 -> 70377163 | trigger={822, 825, 829, 821, 820, 827, 823, 824, 826, 834, 836, 828, 835} (u=71311090)
candidates=2322 | minU: 70377163 -> 70501942 | trigger={822, 825, 829, 821, 820, 827, 823, 824, 826, 834, 830, 828, 835} (u=72072411)
candidates=2335 | minU: 70501942 -> 71311090 | trigger={822, 825, 829, 821, 827, 823, 824, 826, 834, 836, 830, 828, 835} (u=71384797)
candidates=2345 | minU: 71311090 -> 71347666 | trigger={822, 825, 829, 820, 827, 823, 824, 826, 834, 836, 830, 828, 835} (u=73734528)
candidates=2358 | minU: 71347666 -> 71384797 | trigger={822, 825, 819, 821, 820, 827, 823, 824, 826, 834, 836, 830, 828} (u=72943304)
candidates=2359 | minU: 71384797 -> 71546675 | trigger={822, 825, 819, 821, 820, 827, 823, 824, 826, 834, 836, 830, 828, 835} (u=77598627)
candidates=2360 | minU: 71546675 -> 72072411 | trigger={822, 825, 819, 821, 820, 827, 823, 824, 826, 834, 836, 830, 835} (u=72706383)
candidates=2362 | minU: 72072411 -> 72117885 | trigger={822, 825, 819, 821, 820, 827, 823, 824, 826, 834, 836, 828, 835} (u=73955759)
candidates=2365 | minU: 72117885 -> 72397492 | trigger={822, 825, 819, 821, 820, 827, 823, 824, 826, 834, 830, 828, 835} (u=74694663)
candidates=2370 | minU: 72397492 -> 72436545 | trigger={822, 825, 819, 821, 820, 827, 823, 824, 834, 836, 830, 828, 835} (u=72436545)
candidates=2376 | minU: 72436545 -> 72706383 | trigger={822, 825, 819, 821, 820, 827, 823, 826, 834, 836, 830, 828, 835} (u=73069067)
candidates=2388 | minU: 72706383 -> 72943304 | trigger={822, 825, 819, 821, 827, 823, 824, 826, 834, 836, 830, 828, 835} (u=74683049)
candidates=2398 | minU: 72943304 -> 73069067 | trigger={822, 825, 819, 820, 827, 823, 824, 826, 834, 836, 830, 828, 835} (u=75991065)
candidates=2413 | minU: 73069067 -> 73282775 | trigger={822, 825, 821, 820, 827, 823, 824, 826, 834, 836, 830, 828} (u=74421411)
candidates=2414 | minU: 73282775 -> 73734528 | trigger={822, 825, 821, 820, 827, 823, 824, 826, 834, 836, 830, 828, 835} (u=79698757)
candidates=2415 | minU: 73734528 -> 73955759 | trigger={822, 825, 821, 820, 827, 823, 824, 826, 834, 836, 830, 835} (u=74305939)
candidates=2417 | minU: 73955759 -> 74305939 | trigger={822, 825, 821, 820, 827, 823, 824, 826, 834, 836, 828, 835} (u=75699770)
candidates=2420 | minU: 74305939 -> 74421411 | trigger={822, 825, 821, 820, 827, 823, 824, 826, 834, 830, 828, 835} (u=76492739)
candidates=2427 | minU: 74421411 -> 74611873 | trigger={822, 825, 821, 820, 827, 823, 826, 834, 836, 830, 828, 835} (u=74611873)
candidates=2439 | minU: 74611873 -> 74683049 | trigger={822, 825, 821, 827, 823, 824, 826, 834, 836, 830, 828, 835} (u=76051825)
candidates=2449 | minU: 74683049 -> 74694663 | trigger={822, 825, 820, 827, 823, 824, 826, 834, 836, 830, 828, 835} (u=78575803)
candidates=2452 | minU: 74694663 -> 74957974 | trigger={822, 825, 820, 827, 823, 824, 826, 834, 830, 828, 835} (u=75203932)
candidates=2480 | minU: 74957974 -> 75203932 | trigger={822, 833, 819, 821, 820, 827, 823, 824, 826, 834, 836, 830, 828, 835} (u=75939724)
candidates=2495 | minU: 75203932 -> 75699770 | trigger={822, 833, 821, 820, 827, 823, 824, 826, 834, 836, 830, 828, 835} (u=76939943)
candidates=2513 | minU: 75699770 -> 75939724 | trigger={822, 829, 819, 821, 820, 827, 823, 824, 826, 834, 836, 830, 828, 835} (u=79003344)
candidates=2516 | minU: 75939724 -> 75981093 | trigger={822, 829, 819, 821, 820, 827, 823, 824, 826, 834, 830, 828, 835} (u=75981093)
candidates=2529 | minU: 75981093 -> 75991065 | trigger={822, 829, 819, 820, 827, 823, 824, 826, 834, 836, 830, 828, 835} (u=76393890)
candidates=2541 | minU: 75991065 -> 76051825 | trigger={822, 829, 821, 820, 827, 823, 824, 826, 834, 836, 830, 828, 835} (u=81117782)
candidates=2543 | minU: 76051825 -> 76393890 | trigger={822, 829, 821, 820, 827, 823, 824, 826, 834, 836, 828, 835} (u=76896037)
candidates=2546 | minU: 76393890 -> 76492739 | trigger={822, 829, 821, 820, 827, 823, 824, 826, 834, 830, 828, 835} (u=77772292)
candidates=2557 | minU: 76492739 -> 76564497 | trigger={822, 829, 821, 827, 823, 824, 826, 834, 836, 830, 828, 835} (u=76564497)
candidates=2567 | minU: 76564497 -> 76896037 | trigger={822, 829, 820, 827, 823, 824, 826, 834, 836, 830, 828, 835} (u=78871784)
candidates=2579 | minU: 76896037 -> 76939943 | trigger={822, 819, 821, 820, 827, 823, 824, 826, 834, 836, 830, 828} (u=78640215)
candidates=2580 | minU: 76939943 -> 77598627 | trigger={822, 819, 821, 820, 827, 823, 824, 826, 834, 836, 830, 828, 835} (u=84041781)
candidates=2581 | minU: 77598627 -> 77772292 | trigger={822, 819, 821, 820, 827, 823, 824, 826, 834, 836, 830, 835} (u=78439276)
candidates=2583 | minU: 77772292 -> 78439276 | trigger={822, 819, 821, 820, 827, 823, 824, 826, 834, 836, 828, 835} (u=79823707)
candidates=2586 | minU: 78439276 -> 78575803 | trigger={822, 819, 821, 820, 827, 823, 824, 826, 834, 830, 828, 835} (u=80677287)
candidates=2593 | minU: 78575803 -> 78583658 | trigger={822, 819, 821, 820, 827, 823, 826, 834, 836, 830, 828, 835} (u=78583658)
candidates=2604 | minU: 78583658 -> 78640215 | trigger={822, 819, 821, 827, 823, 824, 826, 834, 836, 830, 828, 835} (u=80096804)
candidates=2614 | minU: 78640215 -> 78871784 | trigger={822, 819, 820, 827, 823, 824, 826, 834, 836, 830, 828, 835} (u=81455802)
candidates=2626 | minU: 78871784 -> 79003344 | trigger={822, 821, 820, 827, 823, 824, 826, 834, 836, 830, 828} (u=79202725)
candidates=2627 | minU: 79003344 -> 79202725 | trigger={822, 821, 820, 827, 823, 824, 826, 834, 836, 830, 828, 835} (u=85299210)
candidates=2630 | minU: 79202725 -> 79698757 | trigger={822, 821, 820, 827, 823, 824, 826, 834, 836, 828, 835} (u=80687083)
candidates=2633 | minU: 79698757 -> 79823707 | trigger={822, 821, 820, 827, 823, 824, 826, 834, 830, 828, 835} (u=81597074)
candidates=2644 | minU: 79823707 -> 80096804 | trigger={822, 821, 827, 823, 824, 826, 834, 836, 830, 828, 835} (u=80538930)
candidates=2654 | minU: 80096804 -> 80538930 | trigger={822, 820, 827, 823, 824, 826, 834, 836, 830, 828, 835} (u=83033006)
candidates=2726 | minU: 80538930 -> 80677287 | trigger={837, 832, 821, 820, 827, 823, 824, 826, 834, 836, 830, 828, 835} (u=82741442)
candidates=2760 | minU: 80677287 -> 80687083 | trigger={837, 825, 829, 821, 820, 827, 823, 824, 826, 834, 836, 830, 828, 835} (u=81244274)
candidates=2776 | minU: 80687083 -> 81117782 | trigger={837, 825, 819, 821, 820, 827, 823, 824, 826, 834, 836, 830, 828, 835} (u=83690717)
candidates=2800 | minU: 81117782 -> 81244274 | trigger={837, 825, 821, 820, 827, 823, 824, 826, 834, 836, 830, 828, 835} (u=85554058)
candidates=2802 | minU: 81244274 -> 81455802 | trigger={837, 825, 821, 820, 827, 823, 824, 826, 834, 836, 828, 835} (u=81467009)
candidates=2805 | minU: 81455802 -> 81467009 | trigger={837, 825, 821, 820, 827, 823, 824, 826, 834, 830, 828, 835} (u=82384934)
candidates=2814 | minU: 81467009 -> 81597074 | trigger={837, 825, 821, 827, 823, 824, 826, 834, 836, 830, 828, 835} (u=82265565)
candidates=2824 | minU: 81597074 -> 82265565 | trigger={837, 825, 820, 827, 823, 824, 826, 834, 836, 830, 828, 835} (u=83092854)
candidates=2839 | minU: 82265565 -> 82384934 | trigger={837, 833, 829, 819, 821, 820, 827, 823, 824, 826, 834, 836, 830, 828, 835} (u=83975238)
candidates=2855 | minU: 82384934 -> 82741442 | trigger={837, 833, 829, 821, 820, 827, 823, 824, 826, 834, 836, 830, 828, 835} (u=85702796)
candidates=2875 | minU: 82741442 -> 82941284 | trigger={837, 833, 819, 821, 820, 827, 823, 824, 826, 834, 836, 830, 828} (u=82941284)
candidates=2876 | minU: 82941284 -> 83033006 | trigger={837, 833, 819, 821, 820, 827, 823, 824, 826, 834, 836, 830, 828, 835} (u=87934959)
candidates=2877 | minU: 83033006 -> 83092854 | trigger={837, 833, 819, 821, 820, 827, 823, 824, 826, 834, 836, 830, 835} (u=83156133)
candidates=2879 | minU: 83092854 -> 83156133 | trigger={837, 833, 819, 821, 820, 827, 823, 824, 826, 834, 836, 828, 835} (u=83943936)
candidates=2882 | minU: 83156133 -> 83690717 | trigger={837, 833, 819, 821, 820, 827, 823, 824, 826, 834, 830, 828, 835} (u=84909175)
candidates=2892 | minU: 83690717 -> 83943936 | trigger={837, 833, 819, 821, 827, 823, 824, 826, 834, 836, 830, 828, 835} (u=84556087)
candidates=2902 | minU: 83943936 -> 83975238 | trigger={837, 833, 819, 820, 827, 823, 824, 826, 834, 836, 830, 828, 835} (u=84588562)
candidates=2914 | minU: 83975238 -> 84041781 | trigger={837, 833, 821, 820, 827, 823, 824, 826, 834, 836, 830, 828, 835} (u=88910089)
candidates=2916 | minU: 84041781 -> 84556087 | trigger={837, 833, 821, 820, 827, 823, 824, 826, 834, 836, 828, 835} (u=84593842)
candidates=2919 | minU: 84556087 -> 84588562 | trigger={837, 833, 821, 820, 827, 823, 824, 826, 834, 830, 828, 835} (u=85603801)
candidates=2928 | minU: 84588562 -> 84593842 | trigger={837, 833, 821, 827, 823, 824, 826, 834, 836, 830, 828, 835} (u=84910213)
candidates=2938 | minU: 84593842 -> 84909175 | trigger={837, 833, 820, 827, 823, 824, 826, 834, 836, 830, 828, 835} (u=85640997)
candidates=2951 | minU: 84909175 -> 84910213 | trigger={837, 829, 819, 821, 820, 827, 823, 824, 826, 834, 836, 830, 828} (u=85921037)
candidates=2952 | minU: 84910213 -> 85299210 | trigger={837, 829, 819, 821, 820, 827, 823, 824, 826, 834, 836, 830, 828, 835} (u=91010455)
candidates=2953 | minU: 85299210 -> 85554058 | trigger={837, 829, 819, 821, 820, 827, 823, 824, 826, 834, 836, 830, 835} (u=85830388)
candidates=2955 | minU: 85554058 -> 85603801 | trigger={837, 829, 819, 821, 820, 827, 823, 824, 826, 834, 836, 828, 835} (u=86843483)
candidates=2958 | minU: 85603801 -> 85640997 | trigger={837, 829, 819, 821, 820, 827, 823, 824, 826, 834, 830, 828, 835} (u=87852368)
candidates=2969 | minU: 85640997 -> 85702796 | trigger={837, 829, 819, 821, 827, 823, 824, 826, 834, 836, 830, 828, 835} (u=87264143)
candidates=2979 | minU: 85702796 -> 85830388 | trigger={837, 829, 819, 820, 827, 823, 824, 826, 834, 836, 830, 828, 835} (u=87447680)
candidates=2990 | minU: 85830388 -> 85921037 | trigger={837, 829, 821, 820, 827, 823, 824, 826, 834, 836, 830, 828} (u=87330054)
candidates=2991 | minU: 85921037 -> 86843483 | trigger={837, 829, 821, 820, 827, 823, 824, 826, 834, 836, 830, 828, 835} (u=93044923)
candidates=2992 | minU: 86843483 -> 87264143 | trigger={837, 829, 821, 820, 827, 823, 824, 826, 834, 836, 830, 835} (u=87378491)
candidates=2994 | minU: 87264143 -> 87330054 | trigger={837, 829, 821, 820, 827, 823, 824, 826, 834, 836, 828, 835} (u=88498992)
candidates=2997 | minU: 87330054 -> 87378491 | trigger={837, 829, 821, 820, 827, 823, 824, 826, 834, 830, 828, 835} (u=89565077)
candidates=3008 | minU: 87378491 -> 87447680 | trigger={837, 829, 821, 827, 823, 824, 826, 834, 836, 830, 828, 835} (u=88626223)
candidates=3018 | minU: 87447680 -> 87852368 | trigger={837, 829, 820, 827, 823, 824, 826, 834, 836, 830, 828, 835} (u=89581704)
candidates=3030 | minU: 87852368 -> 87934959 | trigger={837, 819, 821, 820, 827, 823, 824, 826, 834, 836, 830, 828} (u=90048600)
candidates=3031 | minU: 87934959 -> 88498992 | trigger={837, 819, 821, 820, 827, 823, 824, 826, 834, 836, 830, 828, 835} (u=95679855)
candidates=3032 | minU: 88498992 -> 88626223 | trigger={837, 819, 821, 820, 827, 823, 824, 826, 834, 836, 830, 835} (u=89776191)
candidates=3034 | minU: 88626223 -> 88910089 | trigger={837, 819, 821, 820, 827, 823, 824, 826, 834, 836, 828, 835} (u=91142469)
candidates=3037 | minU: 88910089 -> 89565077 | trigger={837, 819, 821, 820, 827, 823, 824, 826, 834, 830, 828, 835} (u=92196692)
candidates=3049 | minU: 89565077 -> 89581704 | trigger={837, 819, 821, 827, 823, 824, 826, 834, 836, 830, 828, 835} (u=91808233)
candidates=3059 | minU: 89581704 -> 89776191 | trigger={837, 819, 820, 827, 823, 824, 826, 834, 836, 830, 828, 835} (u=91967951)
candidates=3070 | minU: 89776191 -> 90048600 | trigger={837, 821, 820, 827, 823, 824, 826, 834, 836, 830, 828} (u=90572727)
candidates=3071 | minU: 90048600 -> 90572727 | trigger={837, 821, 820, 827, 823, 824, 826, 834, 836, 830, 828, 835} (u=96848692)
candidates=3074 | minU: 90572727 -> 91010455 | trigger={837, 821, 820, 827, 823, 824, 826, 834, 836, 828, 835} (u=91923162)
candidates=3077 | minU: 91010455 -> 91142469 | trigger={837, 821, 820, 827, 823, 824, 826, 834, 830, 828, 835} (u=93031596)
candidates=3088 | minU: 91142469 -> 91808233 | trigger={837, 821, 827, 823, 824, 826, 834, 836, 830, 828, 835} (u=92250002)
candidates=3098 | minU: 91808233 -> 91923162 | trigger={837, 820, 827, 823, 824, 826, 834, 836, 830, 828, 835} (u=93200998)
candidates=3159 | minU: 91923162 -> 91967951 | trigger={831, 829, 821, 820, 827, 823, 824, 826, 834, 836, 830, 828, 835} (u=93750449)
candidates=3177 | minU: 91967951 -> 92196692 | trigger={831, 819, 821, 820, 827, 823, 824, 826, 834, 836, 830, 828, 835} (u=96405708)
candidates=3180 | minU: 92196692 -> 92250002 | trigger={831, 819, 821, 820, 827, 823, 824, 826, 834, 830, 828, 835} (u=92861113)
candidates=3189 | minU: 92250002 -> 92328233 | trigger={831, 819, 821, 827, 823, 824, 826, 834, 836, 830, 828, 835} (u=92328233)
candidates=3199 | minU: 92328233 -> 92861113 | trigger={831, 819, 820, 827, 823, 824, 826, 834, 836, 830, 828, 835} (u=93798356)
candidates=3211 | minU: 92861113 -> 93031596 | trigger={831, 821, 820, 827, 823, 824, 826, 834, 836, 830, 828, 835} (u=98377527)
candidates=3213 | minU: 93031596 -> 93044923 | trigger={831, 821, 820, 827, 823, 824, 826, 834, 836, 828, 835} (u=93388988)
candidates=3216 | minU: 93044923 -> 93200998 | trigger={831, 821, 820, 827, 823, 824, 826, 834, 830, 828, 835} (u=94471438)
candidates=3225 | minU: 93200998 -> 93388988 | trigger={831, 821, 827, 823, 824, 826, 834, 836, 830, 828, 835} (u=93403963)
candidates=3235 | minU: 93388988 -> 93403963 | trigger={831, 820, 827, 823, 824, 826, 834, 836, 830, 828, 835} (u=96168737)
candidates=3278 | minU: 93403963 -> 93750449 | trigger={832, 833, 821, 820, 827, 823, 824, 826, 834, 836, 830, 828, 835} (u=95627789)
candidates=3299 | minU: 93750449 -> 93798356 | trigger={832, 829, 821, 820, 827, 823, 824, 826, 834, 836, 830, 828, 835} (u=95633643)
candidates=3316 | minU: 93798356 -> 94471438 | trigger={832, 819, 821, 820, 827, 823, 824, 826, 834, 836, 830, 828, 835} (u=97105373)
candidates=3334 | minU: 94471438 -> 95627789 | trigger={832, 821, 820, 827, 823, 824, 826, 834, 836, 830, 828, 835} (u=100238626)
candidates=3338 | minU: 95627789 -> 95633643 | trigger={832, 821, 820, 827, 823, 824, 826, 834, 830, 828, 835} (u=96171342)
candidates=3352 | minU: 95633643 -> 95679855 | trigger={832, 820, 827, 823, 824, 826, 834, 836, 830, 828, 835} (u=97372945)
candidates=3384 | minU: 95679855 -> 96168737 | trigger={825, 833, 821, 820, 827, 823, 824, 826, 834, 836, 830, 828, 835} (u=97460476)
candidates=3402 | minU: 96168737 -> 96171342 | trigger={825, 829, 819, 821, 820, 827, 823, 824, 826, 834, 836, 830, 828, 835} (u=97774605)
candidates=3417 | minU: 96171342 -> 96405708 | trigger={825, 829, 821, 820, 827, 823, 824, 826, 834, 836, 830, 828, 835} (u=101003158)
candidates=3420 | minU: 96405708 -> 96848692 | trigger={825, 829, 821, 820, 827, 823, 824, 826, 834, 830, 828, 835} (u=97143679)
candidates=3433 | minU: 96848692 -> 97105373 | trigger={825, 829, 820, 827, 823, 824, 826, 834, 836, 830, 828, 835} (u=98521448)
candidates=3445 | minU: 97105373 -> 97143679 | trigger={825, 819, 821, 820, 827, 823, 824, 826, 834, 836, 830, 828} (u=97640740)
candidates=3446 | minU: 97143679 -> 97372945 | trigger={825, 819, 821, 820, 827, 823, 824, 826, 834, 836, 830, 828, 835} (u=104034215)
candidates=3447 | minU: 97372945 -> 97411647 | trigger={825, 819, 821, 820, 827, 823, 824, 826, 834, 836, 830, 835} (u=97411647)
candidates=3449 | minU: 97411647 -> 97460476 | trigger={825, 819, 821, 820, 827, 823, 824, 826, 834, 836, 828, 835} (u=98964699)
candidates=3452 | minU: 97460476 -> 97640740 | trigger={825, 819, 821, 820, 827, 823, 824, 826, 834, 830, 828, 835} (u=100169368)
candidates=3463 | minU: 97640740 -> 97774605 | trigger={825, 819, 821, 827, 823, 824, 826, 834, 836, 830, 828, 835} (u=99697610)
candidates=3473 | minU: 97774605 -> 98377527 | trigger={825, 819, 820, 827, 823, 824, 826, 834, 836, 830, 828, 835} (u=101134494)
candidates=3485 | minU: 98377527 -> 98521448 | trigger={825, 821, 820, 827, 823, 824, 826, 834, 836, 830, 828} (u=99048445)
candidates=3486 | minU: 98521448 -> 98964699 | trigger={825, 821, 820, 827, 823, 824, 826, 834, 836, 830, 828, 835} (u=106256127)
candidates=3487 | minU: 98964699 -> 98983357 | trigger={825, 821, 820, 827, 823, 824, 826, 834, 836, 830, 835} (u=98983357)
candidates=3489 | minU: 98983357 -> 99048445 | trigger={825, 821, 820, 827, 823, 824, 826, 834, 836, 828, 835} (u=100705300)
candidates=3492 | minU: 99048445 -> 99697610 | trigger={825, 821, 820, 827, 823, 824, 826, 834, 830, 828, 835} (u=101992801)
candidates=3503 | minU: 99697610 -> 100169368 | trigger={825, 821, 827, 823, 824, 826, 834, 836, 830, 828, 835} (u=100978346)
candidates=3513 | minU: 100169368 -> 100238626 | trigger={825, 820, 827, 823, 824, 826, 834, 836, 830, 828, 835} (u=103769907)
candidates=3529 | minU: 100238626 -> 100705300 | trigger={833, 829, 819, 821, 820, 827, 823, 824, 826, 834, 836, 830, 828, 835} (u=101401699)
candidates=3543 | minU: 100705300 -> 100978346 | trigger={833, 829, 821, 820, 827, 823, 824, 826, 834, 836, 830, 828, 835} (u=103296610)
candidates=3560 | minU: 100978346 -> 101003158 | trigger={833, 819, 821, 820, 827, 823, 824, 826, 834, 836, 830, 828, 835} (u=106061206)
candidates=3563 | minU: 101003158 -> 101134494 | trigger={833, 819, 821, 820, 827, 823, 824, 826, 834, 830, 828, 835} (u=102090958)
candidates=3578 | minU: 101134494 -> 101401699 | trigger={833, 819, 820, 827, 823, 824, 826, 834, 836, 830, 828, 835} (u=102197827)
candidates=3589 | minU: 101401699 -> 101992801 | trigger={833, 821, 820, 827, 823, 824, 826, 834, 836, 830, 828, 835} (u=106926165)
candidates=3592 | minU: 101992801 -> 102090958 | trigger={833, 821, 820, 827, 823, 824, 826, 834, 830, 828, 835} (u=102573112)
candidates=3605 | minU: 102090958 -> 102197827 | trigger={833, 820, 827, 823, 824, 826, 834, 836, 830, 828, 835} (u=103267898)
candidates=3618 | minU: 102197827 -> 102573112 | trigger={829, 819, 821, 820, 827, 823, 824, 826, 834, 836, 830, 828} (u=102644329)
candidates=3619 | minU: 102573112 -> 102644329 | trigger={829, 819, 821, 820, 827, 823, 824, 826, 834, 836, 830, 828, 835} (u=109452218)
candidates=3620 | minU: 102644329 -> 102670983 | trigger={829, 819, 821, 820, 827, 823, 824, 826, 834, 836, 830, 835} (u=102670983)
candidates=3622 | minU: 102670983 -> 103267898 | trigger={829, 819, 821, 820, 827, 823, 824, 826, 834, 836, 828, 835} (u=103985455)
candidates=3625 | minU: 103267898 -> 103296610 | trigger={829, 819, 821, 820, 827, 823, 824, 826, 834, 830, 828, 835} (u=105327727)
candidates=3635 | minU: 103296610 -> 103769907 | trigger={829, 819, 821, 827, 823, 824, 826, 834, 836, 830, 828, 835} (u=103977428)
candidates=3645 | minU: 103769907 -> 103977428 | trigger={829, 819, 820, 827, 823, 824, 826, 834, 836, 830, 828, 835} (u=105260952)
candidates=3657 | minU: 103977428 -> 103985455 | trigger={829, 821, 820, 827, 823, 824, 826, 834, 836, 830, 828, 835} (u=111640130)
candidates=3658 | minU: 103985455 -> 104034215 | trigger={829, 821, 820, 827, 823, 824, 826, 834, 836, 830, 835} (u=104168590)
candidates=3660 | minU: 104034215 -> 104168590 | trigger={829, 821, 820, 827, 823, 824, 826, 834, 836, 828, 835} (u=105648427)
candidates=3663 | minU: 104168590 -> 105260952 | trigger={829, 821, 820, 827, 823, 824, 826, 834, 830, 828, 835} (u=107081941)
candidates=3679 | minU: 105260952 -> 105327727 | trigger={829, 820, 827, 823, 824, 826, 834, 836, 830, 828, 835} (u=107714539)
candidates=3691 | minU: 105327727 -> 105648427 | trigger={819, 821, 820, 827, 823, 824, 826, 834, 836, 830, 828} (u=107419329)
candidates=3692 | minU: 105648427 -> 106061206 | trigger={819, 821, 820, 827, 823, 824, 826, 834, 836, 830, 828, 835} (u=114984219)
candidates=3693 | minU: 106061206 -> 106256127 | trigger={819, 821, 820, 827, 823, 824, 826, 834, 836, 830, 835} (u=107221413)
candidates=3695 | minU: 106256127 -> 106926165 | trigger={819, 821, 820, 827, 823, 824, 826, 834, 836, 828, 835} (u=109017747)
candidates=3698 | minU: 106926165 -> 107081941 | trigger={819, 821, 820, 827, 823, 824, 826, 834, 830, 828, 835} (u=110426063)
candidates=3709 | minU: 107081941 -> 107221413 | trigger={819, 821, 827, 823, 824, 826, 834, 836, 830, 828, 835} (u=109190221)
candidates=3719 | minU: 107221413 -> 107419329 | trigger={819, 820, 827, 823, 824, 826, 834, 836, 830, 828, 835} (u=110691702)
candidates=3730 | minU: 107419329 -> 107499426 | trigger={821, 820, 827, 823, 824, 826, 834, 836, 830, 828} (u=107499426)
candidates=3731 | minU: 107499426 -> 107714539 | trigger={821, 820, 827, 823, 824, 826, 834, 836, 830, 828, 835} (u=115988231)
candidates=3734 | minU: 107714539 -> 109017747 | trigger={821, 820, 827, 823, 824, 826, 834, 836, 828, 835} (u=109483243)
candidates=3737 | minU: 109017747 -> 109190221 | trigger={821, 820, 827, 823, 824, 826, 834, 830, 828, 835} (u=110978993)
candidates=3753 | minU: 109190221 -> 109452218 | trigger={820, 827, 823, 824, 826, 834, 836, 830, 828, 835} (u=111899287)
