1,469
2,470
3,471
4,472
5,473
6,474
7,475
8,476
9,477
10,478
11,479
12,480
13,481
14,482
15,483
16,484
17,485
18,486
19,487
20,488
21,489
22,490
23,491
24,492
25,493
26,494
27,495
28,496
29,497
30,498
31,499
32,500
33,501
34,502
35,503
36,504
37,505
38,506
39,507
40,508
41,509
42,510
43,511
44,512
45,513
46,514
47,515
48,516
49,517
50,518
51,519
52,520
53,521
54,522
55,523
56,524
57,525
58,526
59,527
60,528
61,529
62,530
63,531
64,532
65,533
66,534
67,535
68,536
69,537
70,538
71,539
72,540
73,541
74,542
75,543
76,544
77,545
78,546
79,547
80,548
81,549
82,550
83,551
84,552
85,553
86,554
87,555
88,556
89,557
90,558
91,559
92,560
93,561
94,562
95,563
96,564
97,565
98,566
99,567
100,568
101,569
102,570
103,571
104,572
105,573
106,574
107,575
108,576
109,577
110,578
111,579
112,580
113,581
114,582
115,583
116,584
117,585
118,586
119,587
120,588
121,589
122,590
123,591
124,592
125,593
126,594
127,595
128,596
129,597
130,598
131,599
132,600
133,601
134,602
135,603
136,604
137,605
138,606
139,607
140,608
141,609
142,610
143,611
144,612
145,613
146,614
147,615
148,616
149,617
150,618
151,619
152,620
153,621
154,622
155,623
156,624
157,625
158,626
159,627
160,628
161,629
162,630
163,631
164,632
165,633
166,634
167,635
168,636
169,637
170,638
171,639
172,640
173,641
174,642
175,643
176,644
177,645
178,646
179,647
180,648
181,649
182,650
183,651
184,652
185,653
186,654
187,655
188,656
189,657
190,658
191,659
192,660
193,661
194,662
195,663
196,664
197,665
198,666
199,667
200,668
201,469
202,470
203,471
204,472
205,473
206,474
207,475
208,476
209,477
210,478
211,479
212,480
213,481
214,482
215,483
216,484
217,485
218,486
219,487
220,488
221,489
222,490
223,491
224,492
225,493
226,494
227,495
228,496
229,497
230,498
231,499
232,500
233,501
234,502
235,503
236,504
237,505
238,506
239,507
240,508
241,509
242,510
243,511
244,512
245,513
246,514
247,515
248,516
249,517
250,518
251,519
252,520
253,521
254,522
255,523
256,524
257,525
258,526
259,527
260,528
261,529
262,530
263,531
264,532
265,533
266,534
267,535
268,536
269,537
270,538
271,539
272,540
273,541
274,542
275,543
276,544
277,545
278,546
279,547
280,548
281,549
282,550
283,551
284,552
285,553
286,554
287,555
288,556
289,557
290,558
291,559
292,560
293,561
294,562
295,563
296,564
297,565
298,566
299,567
300,568
301,569
302,570
303,571
304,572
305,573
306,574
307,575
308,576
309,577
310,578
311,579
312,580
313,581
314,582
315,583
316,584
317,585
318,586
319,587
320,588
321,589
322,590
323,591
324,592
325,593
326,594
327,595
328,596
329,597
330,598
331,599
332,600
333,601
334,602
335,603
336,604
337,605
338,606
339,607
340,608
341,609
342,610
343,611
344,612
345,613
346,614
347,615
348,616
349,617
350,618
351,619
352,620
353,621
354,622
355,623
356,624
357,625
358,626
359,627
360,628
361,629
362,630
363,631
364,632
365,633
366,634
367,635
368,636
369,637
370,638
371,639
372,640
373,641
374,642
375,643
376,644
377,645
378,646
379,647
380,648
381,649
382,650
383,651
384,652
385,653
386,654
387,655
388,656
389,657
390,658
391,659
392,660
393,661
394,662
395,663
396,664
397,665
398,666
399,667
400,668
401,469
402,470
403,471
404,472
405,473
406,474
407,475
408,476
409,477
410,478
411,479
412,480
413,481
414,482
415,483
416,484
417,485
418,486
419,487
420,488
421,489
422,490
423,491
424,492
425,493
426,494
427,495
428,496
429,497
430,498
431,499
432,500
433,501
434,502
435,503
436,504
437,505
438,506
439,507
440,508
441,509
442,510
443,511
444,512
445,513
446,514
447,515
448,516
449,517
450,518
451,519
452,520
453,521
454,522
455,523
456,524
457,525
458,526
459,527
460,528
461,529
462,530
463,531
464,532
465,533
466,534
467,535
468,536
469,669
470,670
471,671
472,672
473,673
474,674
475,675
476,676
477,677
478,678
479,679
480,680
481,681
482,682
483,683
484,684
485,685
486,686
487,687
488,688
489,689
490,690
491,691
492,692
493,693
494,694
495,695
496,696
497,697
498,698
499,699
500,700
501,701
502,702
503,703
504,704
505,705
506,706
507,707
508,708
509,709
510,710
511,711
512,712
513,713
514,714
515,715
516,716
517,717
518,718
519,719
520,720
521,721
522,722
523,723
524,724
525,725
526,726
527,727
528,728
529,729
530,730
531,731
532,732
533,733
534,734
535,735
536,736
537,737
538,738
539,739
540,740
541,741
542,742
543,743
544,744
545,745
546,746
547,747
548,748
549,749
550,750
551,751
552,752
553,753
554,754
555,755
556,756
557,757
558,758
559,759
560,760
561,761
562,762
563,763
564,764
565,765
566,766
567,767
568,768
569,669
570,670
571,671
572,672
573,673
574,674
575,675
576,676
577,677
578,678
579,679
580,680
581,681
582,682
583,683
584,684
585,685
586,686
587,687
588,688
589,689
590,690
591,691
592,692
593,693
594,694
595,695
596,696
597,697
598,698
599,699
600,700
601,701
602,702
603,703
604,704
605,705
606,706
607,707
608,708
609,709
610,710
611,711
612,712
613,713
614,714
615,715
616,716
617,717
618,718
619,719
620,720
621,721
622,722
623,723
624,724
625,725
626,726
627,727
628,728
629,729
630,730
631,731
632,732
633,733
634,734
635,735
636,736
637,737
638,738
639,739
640,740
641,741
642,742
643,743
644,744
645,745
646,746
647,747
648,748
649,749
650,750
651,751
652,752
653,753
654,754
655,755
656,756
657,757
658,758
659,759
660,760
661,761
662,762
663,763
664,764
665,765
666,766
667,767
668,768
669,769
670,770
671,771
672,772
673,773
674,774
675,775
676,776
677,777
678,778
679,779
680,780
681,781
682,782
683,783
684,784
685,785
686,786
687,787
688,788
689,789
690,790
691,791
692,792
693,793
694,794
695,795
696,796
697,797
698,798
699,799
700,800
701,801
702,802
703,803
704,804
705,805
706,806
707,807
708,808
709,809
710,810
711,811
712,812
713,813
714,814
715,815
716,816
717,817
718,818
719,769
720,770
721,771
722,772
723,773
724,774
725,775
726,776
727,777
728,778
729,779
730,780
731,781
732,782
733,783
734,784
735,785
736,786
737,787
738,788
739,789
740,790
741,791
742,792
743,793
744,794
745,795
746,796
747,797
748,798
749,799
750,800
751,801
752,802
753,803
754,804
755,805
756,806
757,807
758,808
759,809
760,810
761,811
762,812
763,813
764,814
765,815
766,816
767,817
768,818
769,819
770,820
771,821
772,822
773,823
774,824
775,825
776,826
777,827
778,828
779,829
780,830
781,831
782,832
783,833
784,834
785,835
786,836
787,837
788,819
789,820
790,821
791,822
792,823
793,824
794,825
795,826
796,827
797,828
798,829
799,830
800,831
801,832
802,833
803,834
804,835
805,836
806,837
807,819
808,820
809,821
810,822
811,823
812,824
813,825
814,826
815,827
816,828
817,829
818,830
819,838
820,838
821,838
822,838
823,838
824,838
825,838
826,838
827,838
828,838
829,838
830,838
831,838
832,838
833,838
834,838
835,838
836,838
837,838
