101,0
102,0
103,0
104,0
105,0
201,101
202,101
203,101
204,101
205,101
206,101
207,102
208,102
209,102
210,102
211,102
212,102
213,103
214,103
215,103
216,103
217,103
218,103
219,104
220,104
221,104
222,104
223,104
224,104
225,105
226,105
227,105
228,105
229,105
230,105
1,201
2,201
3,201
4,202
5,202
6,203
7,203
8,203
9,203
10,204
11,204
12,204
13,205
14,205
15,206
16,206
17,206
18,207
19,207
20,208
21,208
22,208
23,209
24,209
25,210
26,210
27,210
28,210
29,211
30,211
31,211
32,212
33,212
34,213
35,213
36,213
37,214
38,214
39,215
40,215
41,215
42,216
43,216
44,217
45,217
46,217
47,218
48,218
49,219
50,219
51,219
52,219
53,220
54,220
55,221
56,221
57,221
58,222
59,222
60,223
61,223
62,223
63,224
64,224
65,225
66,225
67,225
68,226
69,226
70,227
71,227
72,227
73,228
74,228
75,229