Dataset: chess | k = 10000
--------------------------------------------------------------------------------
LEVEL DEBUG -- longest-path (levelOf, USED BY ALGORITHM) vs shortest-path (levelOfShortest, reference only)
--------------------------------------------------------------------------------
Item id    | Name                     | level(used) | level(shortest-ref) | #children
---------------------------------------------------------------------------------------
0          |                          | 3          | 2          | 5        
101        |                          | 2          | 2          | 6        
102        |                          | 2          | 2          | 6        
103        |                          | 2          | 2          | 6        
104        |                          | 2          | 2          | 6        
105        |                          | 2          | 1          | 6        
201        |                          | 1          | 1          | 3        
202        |                          | 1          | 1          | 2        
203        |                          | 1          | 1          | 4        
204        |                          | 1          | 1          | 3        
205        |                          | 1          | 1          | 2        
206        |                          | 1          | 1          | 3        
207        |                          | 1          | 1          | 2        
208        |                          | 1          | 1          | 3        
209        |                          | 1          | 1          | 2        
210        |                          | 1          | 1          | 4        
211        |                          | 1          | 1          | 3        
212        |                          | 1          | 1          | 2        
213        |                          | 1          | 1          | 3        
214        |                          | 1          | 1          | 2        
215        |                          | 1          | 1          | 3        
216        |                          | 1          | 1          | 2        
217        |                          | 1          | 1          | 3        
218        |                          | 1          | 1          | 2        
219        |                          | 1          | 1          | 4        
220        |                          | 1          | 1          | 2        
221        |                          | 1          | 1          | 3        
222        |                          | 1          | 1          | 2        
223        |                          | 1          | 1          | 3        
224        |                          | 1          | 1          | 2        
225        |                          | 1          | 1          | 3        
226        |                          | 1          | 1          | 2        
227        |                          | 1          | 1          | 3        
228        |                          | 1          | 1          | 2        
229        |                          | 1          | 1          | 1        
---------------------------------------------------------------------------------------
Total categories: 35
Distinct level(used, longest-path) values     : [1, 2, 3]  | per-level counts: {1=29, 2=5, 3=1}
Distinct level(shortest-ref) values            : [1, 2]  | per-level counts: {1=30, 2=5}
(The 'used' column should reproduce the dataset's documented
 number of levels/categories.)
================================================================================
