Dataset: accidents | k = 10
--------------------------------------------------------------------------------
MU (MINIMUM UTILITY) THRESHOLD TRAJECTORY -- mlTKO run
--------------------------------------------------------------------------------
Step#    | Candidate idx    | Old mu       | New mu       | Triggering pattern / note
---------------------------------------------------------------------------------------
0        | 0                | 0            | 3015338      | initial mu (Section 4.1, from leaf items I only)
1        | 10               | 3015338      | 3844111      | {822, 837, 831, 832, 825, 833, 829, 819, 821}
2        | 11               | 3844111      | 9967631      | {822, 837, 831, 832, 825, 833, 829, 819, 821, 820}
3        | 12               | 9967631      | 13072988     | {822, 837, 831, 832, 825, 833, 829, 819, 821, 820, 827}
4        | 13               | 13072988     | 13333382     | {822, 837, 831, 832, 825, 833, 829, 819, 821, 820, 827, 823}
5        | 14               | 13333382     | 14315235     | {822, 837, 831, 832, 825, 833, 829, 819, 821, 820, 827, 823, 824}
6        | 15               | 14315235     | 14354809     | {822, 837, 831, 832, 825, 833, 829, 819, 821, 820, 827, 823, 824, 826}
7        | 16               | 14354809     | 14489315     | {822, 837, 831, 832, 825, 833, 829, 819, 821, 820, 827, 823, 824, 826, 834}
8        | 17               | 14489315     | 14627439     | {822, 837, 831, 832, 825, 833, 829, 819, 821, 820, 827, 823, 824, 826, 834, 836}
9        | 18               | 14627439     | 15868612     | {822, 837, 831, 832, 825, 833, 829, 819, 821, 820, 827, 823, 824, 826, 834, 836, 830}
10       | 19               | 15868612     | 17410903     | {822, 837, 831, 832, 825, 833, 829, 819, 821, 820, 827, 823, 824, 826, 834, 836, 830, 828}
11       | 20               | 17410903     | 19834454     | {822, 837, 831, 832, 825, 833, 829, 819, 821, 820, 827, 823, 824, 826, 834, 836, 830, 828, 835}
12       | 21               | 19834454     | 22052621     | {822, 837, 831, 832, 825, 833, 829, 819, 821, 820, 827, 823, 824, 826, 834, 836, 830, 835}
13       | 22               | 22052621     | 23950776     | {822, 837, 831, 832, 825, 833, 829, 819, 821, 820, 827, 823, 824, 826, 834, 836, 828}
14       | 23               | 23950776     | 25713079     | {822, 837, 831, 832, 825, 833, 829, 819, 821, 820, 827, 823, 824, 826, 834, 836, 828, 835}
15       | 24               | 25713079     | 28879380     | {822, 837, 831, 832, 825, 833, 829, 819, 821, 820, 827, 823, 824, 826, 834, 836, 835}
16       | 25               | 28879380     | 29882270     | {822, 837, 831, 832, 825, 833, 829, 819, 821, 820, 827, 823, 824, 826, 834, 830}
17       | 26               | 29882270     | 30113228     | {822, 837, 831, 832, 825, 833, 829, 819, 821, 820, 827, 823, 824, 826, 834, 830, 828}
18       | 27               | 30113228     | 31116773     | {822, 837, 831, 832, 825, 833, 829, 819, 821, 820, 827, 823, 824, 826, 834, 830, 828, 835}
19       | 28               | 31116773     | 31295179     | {822, 837, 831, 832, 825, 833, 829, 819, 821, 820, 827, 823, 824, 826, 834, 830, 835}
20       | 30               | 31295179     | 31428069     | {822, 837, 831, 832, 825, 833, 829, 819, 821, 820, 827, 823, 824, 826, 834, 828, 835}
21       | 40               | 31428069     | 31528230     | {822, 837, 831, 832, 825, 833, 829, 819, 821, 820, 827, 823, 824, 834, 836, 830, 828, 835}
22       | 56               | 31528230     | 31660083     | {822, 837, 831, 832, 825, 833, 829, 819, 821, 820, 827, 823, 826, 834, 836, 830, 828, 835}
23       | 78               | 31660083     | 31841688     | {822, 837, 831, 832, 825, 833, 829, 819, 821, 820, 827, 824, 826, 834, 836, 830, 828, 835}
24       | 107              | 31841688     | 32190350     | {822, 837, 831, 832, 825, 833, 829, 819, 821, 820, 823, 824, 826, 834, 836, 830, 828, 835}
25       | 144              | 32190350     | 32196402     | {822, 837, 831, 832, 825, 833, 829, 819, 821, 827, 823, 824, 826, 834, 836, 830, 828, 835}
26       | 147              | 32196402     | 32274786     | {822, 837, 831, 832, 825, 833, 829, 819, 821, 827, 823, 824, 826, 834, 836, 828, 835}
27       | 151              | 32274786     | 32296255     | {822, 837, 831, 832, 825, 833, 829, 819, 821, 827, 823, 824, 826, 834, 830, 828, 835}
28       | 194              | 32296255     | 32431924     | {822, 837, 831, 832, 825, 833, 829, 819, 820, 827, 823, 824, 826, 834, 836, 830, 828, 835}
29       | 200              | 32431924     | 32460008     | {822, 837, 831, 832, 825, 833, 829, 819, 820, 827, 823, 824, 826, 834, 830, 828, 835}
30       | 242              | 32460008     | 32517138     | {822, 837, 831, 832, 825, 833, 829, 819, 827, 823, 824, 826, 834, 836, 830, 828, 835}
31       | 287              | 32517138     | 32529315     | {822, 837, 831, 832, 825, 833, 829, 821, 820, 827, 823, 824, 826, 834, 836, 830}
32       | 288              | 32529315     | 32662367     | {822, 837, 831, 832, 825, 833, 829, 821, 820, 827, 823, 824, 826, 834, 836, 830, 828}
33       | 289              | 32662367     | 32840710     | {822, 837, 831, 832, 825, 833, 829, 821, 820, 827, 823, 824, 826, 834, 836, 830, 828, 835}
34       | 290              | 32840710     | 32879435     | {822, 837, 831, 832, 825, 833, 829, 821, 820, 827, 823, 824, 826, 834, 836, 830, 835}
35       | 291              | 32879435     | 33074817     | {822, 837, 831, 832, 825, 833, 829, 821, 820, 827, 823, 824, 826, 834, 836, 828}
36       | 292              | 33074817     | 33125948     | {822, 837, 831, 832, 825, 833, 829, 821, 820, 827, 823, 824, 826, 834, 836, 828, 835}
37       | 293              | 33125948     | 33343005     | {822, 837, 831, 832, 825, 833, 829, 821, 820, 827, 823, 824, 826, 834, 836, 835}
38       | 295              | 33343005     | 33494248     | {822, 837, 831, 832, 825, 833, 829, 821, 820, 827, 823, 824, 826, 834, 830, 828}
39       | 296              | 33494248     | 33548902     | {822, 837, 831, 832, 825, 833, 829, 821, 820, 827, 823, 824, 826, 834, 830, 828, 835}
40       | 297              | 33548902     | 33564722     | {822, 837, 831, 832, 825, 833, 829, 821, 820, 827, 823, 824, 826, 834, 830, 835}
41       | 299              | 33564722     | 33599004     | {822, 837, 831, 832, 825, 833, 829, 821, 820, 827, 823, 824, 826, 834, 828, 835}
42       | 309              | 33599004     | 33803754     | {822, 837, 831, 832, 825, 833, 829, 821, 820, 827, 823, 824, 834, 836, 830, 828, 835}
43       | 325              | 33803754     | 34024338     | {822, 837, 831, 832, 825, 833, 829, 821, 820, 827, 823, 826, 834, 836, 830, 828, 835}
44       | 347              | 34024338     | 34074641     | {822, 837, 831, 832, 825, 833, 829, 821, 820, 827, 824, 826, 834, 836, 830, 828, 835}
45       | 376              | 34074641     | 34464088     | {822, 837, 831, 832, 825, 833, 829, 821, 820, 823, 824, 826, 834, 836, 830, 828, 835}
46       | 413              | 34464088     | 34535916     | {822, 837, 831, 832, 825, 833, 829, 821, 827, 823, 824, 826, 834, 836, 830, 828, 835}
47       | 419              | 34535916     | 34566630     | {822, 837, 831, 832, 825, 833, 829, 821, 827, 823, 824, 826, 834, 830, 828, 835}
48       | 462              | 34566630     | 34601129     | {822, 837, 831, 832, 825, 833, 829, 820, 827, 823, 824, 826, 834, 836, 830, 828, 835}
49       | 465              | 34601129     | 34702517     | {822, 837, 831, 832, 825, 833, 829, 820, 827, 823, 824, 826, 834, 836, 828, 835}
50       | 469              | 34702517     | 34730748     | {822, 837, 831, 832, 825, 833, 829, 820, 827, 823, 824, 826, 834, 830, 828, 835}
51       | 530              | 34730748     | 34826143     | {822, 837, 831, 832, 825, 833, 829, 827, 823, 824, 826, 834, 836, 830, 828, 835}
52       | 577              | 34826143     | 34936836     | {822, 837, 831, 832, 825, 833, 819, 821, 820, 827, 823, 824, 826, 834, 836, 830, 828}
53       | 578              | 34936836     | 35092536     | {822, 837, 831, 832, 825, 833, 819, 821, 820, 827, 823, 824, 826, 834, 836, 830, 828, 835}
54       | 579              | 35092536     | 35153858     | {822, 837, 831, 832, 825, 833, 819, 821, 820, 827, 823, 824, 826, 834, 836, 830, 835}
55       | 581              | 35153858     | 35326672     | {822, 837, 831, 832, 825, 833, 819, 821, 820, 827, 823, 824, 826, 834, 836, 828, 835}
56       | 585              | 35326672     | 35411307     | {822, 837, 831, 832, 825, 833, 819, 821, 820, 827, 823, 824, 826, 834, 830, 828, 835}
57       | 597              | 35411307     | 35493015     | {822, 837, 831, 832, 825, 833, 819, 821, 820, 827, 823, 824, 834, 836, 830, 828, 835}
58       | 666              | 35493015     | 35616276     | {822, 837, 831, 832, 825, 833, 819, 821, 827, 823, 824, 826, 834, 836, 830, 828, 835}
59       | 672              | 35616276     | 35699486     | {822, 837, 831, 832, 825, 833, 819, 821, 827, 823, 824, 826, 834, 830, 828, 835}
60       | 715              | 35699486     | 35748052     | {822, 837, 831, 832, 825, 833, 819, 820, 827, 823, 824, 826, 834, 836, 830, 828, 835}
61       | 760              | 35748052     | 35845064     | {822, 837, 831, 832, 825, 833, 819, 827, 823, 824, 826, 834, 836, 830, 828, 835}
62       | 806              | 35845064     | 35999301     | {822, 837, 831, 832, 825, 833, 821, 820, 827, 823, 824, 826, 834, 836, 830, 828}
63       | 807              | 35999301     | 36242761     | {822, 837, 831, 832, 825, 833, 821, 820, 827, 823, 824, 826, 834, 836, 830, 828, 835}
64       | 808              | 36242761     | 36273521     | {822, 837, 831, 832, 825, 833, 821, 820, 827, 823, 824, 826, 834, 836, 830, 835}
65       | 810              | 36273521     | 36410491     | {822, 837, 831, 832, 825, 833, 821, 820, 827, 823, 824, 826, 834, 836, 828, 835}
66       | 814              | 36410491     | 36541347     | {822, 837, 831, 832, 825, 833, 821, 820, 827, 823, 824, 826, 834, 830, 828, 835}
67       | 817              | 36541347     | 36746901     | {822, 837, 831, 832, 825, 833, 821, 820, 827, 823, 824, 826, 834, 828, 835}
68       | 827              | 36746901     | 36890818     | {822, 837, 831, 832, 825, 833, 821, 820, 827, 823, 824, 834, 836, 830, 828, 835}
69       | 843              | 36890818     | 37040876     | {822, 837, 831, 832, 825, 833, 821, 820, 827, 823, 826, 834, 836, 830, 828, 835}
70       | 865              | 37040876     | 37152462     | {822, 837, 831, 832, 825, 833, 821, 820, 827, 824, 826, 834, 836, 830, 828, 835}
71       | 894              | 37152462     | 37309233     | {822, 837, 831, 832, 825, 833, 821, 820, 823, 824, 826, 834, 836, 830, 828, 835}
72       | 931              | 37309233     | 37373300     | {822, 837, 831, 832, 825, 833, 821, 827, 823, 824, 826, 834, 836, 830, 828, 835}
73       | 937              | 37373300     | 37444136     | {822, 837, 831, 832, 825, 833, 821, 827, 823, 824, 826, 834, 830, 828, 835}
74       | 980              | 37444136     | 37459054     | {822, 837, 831, 832, 825, 833, 820, 827, 823, 824, 826, 834, 836, 830, 828, 835}
75       | 983              | 37459054     | 37512438     | {822, 837, 831, 832, 825, 833, 820, 827, 823, 824, 826, 834, 836, 828, 835}
76       | 987              | 37512438     | 37569597     | {822, 837, 831, 832, 825, 833, 820, 827, 823, 824, 826, 834, 830, 828, 835}
77       | 1048             | 37569597     | 37669736     | {822, 837, 831, 832, 825, 833, 827, 823, 824, 826, 834, 836, 830, 828, 835}
78       | 1144             | 37669736     | 37767291     | {822, 837, 831, 832, 825, 829, 821, 820, 827, 823, 824, 826, 834, 836, 830, 828, 835}
79       | 1150             | 37767291     | 38011727     | {822, 837, 831, 832, 825, 829, 821, 820, 827, 823, 824, 826, 834, 830, 828, 835}
80       | 1199             | 38011727     | 38042612     | {822, 837, 831, 832, 825, 829, 821, 827, 823, 824, 826, 834, 836, 830, 828, 835}
81       | 1245             | 38042612     | 38044655     | {822, 837, 831, 832, 825, 829, 820, 827, 823, 824, 826, 834, 836, 830, 828, 835}
82       | 1328             | 38044655     | 38277288     | {822, 837, 831, 832, 825, 819, 821, 820, 827, 823, 824, 826, 834, 836, 830, 828, 835}
83       | 1331             | 38277288     | 38380677     | {822, 837, 831, 832, 825, 819, 821, 820, 827, 823, 824, 826, 834, 836, 828, 835}
84       | 1335             | 38380677     | 38426958     | {822, 837, 831, 832, 825, 819, 821, 820, 827, 823, 824, 826, 834, 830, 828, 835}
85       | 1384             | 38426958     | 38531693     | {822, 837, 831, 832, 825, 819, 821, 827, 823, 824, 826, 834, 836, 830, 828, 835}
86       | 1430             | 38531693     | 38700156     | {822, 837, 831, 832, 825, 819, 820, 827, 823, 824, 826, 834, 836, 830, 828, 835}
87       | 1475             | 38700156     | 38825681     | {822, 837, 831, 832, 825, 819, 827, 823, 824, 826, 834, 836, 830, 828, 835}
88       | 1521             | 38825681     | 38905455     | {822, 837, 831, 832, 825, 821, 820, 827, 823, 824, 826, 834, 836, 830, 828}
89       | 1522             | 38905455     | 39009217     | {822, 837, 831, 832, 825, 821, 820, 827, 823, 824, 826, 834, 836, 830, 828, 835}
90       | 1523             | 39009217     | 39316380     | {822, 837, 831, 832, 825, 821, 820, 827, 823, 824, 826, 834, 836, 830, 835}
91       | 1525             | 39316380     | 39369759     | {822, 837, 831, 832, 825, 821, 820, 827, 823, 824, 826, 834, 836, 828, 835}
92       | 1529             | 39369759     | 39411253     | {822, 837, 831, 832, 825, 821, 820, 827, 823, 824, 826, 834, 830, 828, 835}
93       | 1532             | 39411253     | 39477092     | {822, 837, 831, 832, 825, 821, 820, 827, 823, 824, 826, 834, 828, 835}
94       | 1542             | 39477092     | 39541147     | {822, 837, 831, 832, 825, 821, 820, 827, 823, 824, 834, 836, 830, 828, 835}
95       | 1558             | 39541147     | 39543493     | {822, 837, 831, 832, 825, 821, 820, 827, 823, 826, 834, 836, 830, 828, 835}
96       | 1580             | 39543493     | 39910008     | {822, 837, 831, 832, 825, 821, 820, 827, 824, 826, 834, 836, 830, 828, 835}
97       | 1609             | 39910008     | 39963661     | {822, 837, 831, 832, 825, 821, 820, 823, 824, 826, 834, 836, 830, 828, 835}
98       | 1646             | 39963661     | 40204640     | {822, 837, 831, 832, 825, 821, 827, 823, 824, 826, 834, 836, 830, 828, 835}
99       | 1652             | 40204640     | 40207198     | {822, 837, 831, 832, 825, 821, 827, 823, 824, 826, 834, 830, 828, 835}
100      | 1695             | 40207198     | 40223128     | {822, 837, 831, 832, 825, 820, 827, 823, 824, 826, 834, 836, 830, 828, 835}
101      | 1698             | 40223128     | 40340985     | {822, 837, 831, 832, 825, 820, 827, 823, 824, 826, 834, 836, 828, 835}
102      | 1702             | 40340985     | 40353776     | {822, 837, 831, 832, 825, 820, 827, 823, 824, 826, 834, 830, 828, 835}
103      | 1757             | 40353776     | 40389896     | {822, 837, 831, 832, 825, 827, 823, 824, 826, 834, 836, 830, 828, 835}
104      | 1854             | 40389896     | 40621654     | {822, 837, 831, 832, 833, 829, 821, 820, 827, 823, 824, 826, 834, 836, 830, 828, 835}
105      | 1930             | 40621654     | 40718723     | {822, 837, 831, 832, 833, 829, 820, 827, 823, 824, 826, 834, 836, 830, 828, 835}
106      | 1995             | 40718723     | 40904826     | {822, 837, 831, 832, 833, 819, 821, 820, 827, 823, 824, 826, 834, 836, 830, 828, 835}
107      | 2001             | 40904826     | 40937863     | {822, 837, 831, 832, 833, 819, 821, 820, 827, 823, 824, 826, 834, 830, 828, 835}
108      | 2043             | 40937863     | 40949595     | {822, 837, 831, 832, 833, 819, 821, 827, 823, 824, 826, 834, 836, 830, 828, 835}
109      | 2089             | 40949595     | 41208220     | {822, 837, 831, 832, 833, 819, 820, 827, 823, 824, 826, 834, 836, 830, 828, 835}
110      | 2159             | 41208220     | 41382167     | {822, 837, 831, 832, 833, 821, 820, 827, 823, 824, 826, 834, 836, 830, 828}
111      | 2160             | 41382167     | 41421728     | {822, 837, 831, 832, 833, 821, 820, 827, 823, 824, 826, 834, 836, 830, 828, 835}
112      | 2161             | 41421728     | 41429047     | {822, 837, 831, 832, 833, 821, 820, 827, 823, 824, 826, 834, 836, 830, 835}
113      | 2163             | 41429047     | 41526107     | {822, 837, 831, 832, 833, 821, 820, 827, 823, 824, 826, 834, 836, 828, 835}
114      | 2167             | 41526107     | 41849107     | {822, 837, 831, 832, 833, 821, 820, 827, 823, 824, 826, 834, 830, 828, 835}
115      | 2242             | 41849107     | 41915665     | {822, 837, 831, 832, 833, 821, 827, 823, 824, 826, 834, 836, 830, 828, 835}
116      | 2288             | 41915665     | 42126441     | {822, 837, 831, 832, 833, 820, 827, 823, 824, 826, 834, 836, 830, 828, 835}
117      | 2294             | 42126441     | 42150052     | {822, 837, 831, 832, 833, 820, 827, 823, 824, 826, 834, 830, 828, 835}
118      | 2336             | 42150052     | 42291380     | {822, 837, 831, 832, 833, 827, 823, 824, 826, 834, 836, 830, 828, 835}
119      | 2447             | 42291380     | 42383551     | {822, 837, 831, 832, 829, 821, 820, 827, 823, 824, 826, 834, 836, 830, 828, 835}
120      | 2450             | 42383551     | 42435383     | {822, 837, 831, 832, 829, 821, 820, 827, 823, 824, 826, 834, 836, 828, 835}
121      | 2454             | 42435383     | 42507586     | {822, 837, 831, 832, 829, 821, 820, 827, 823, 824, 826, 834, 830, 828, 835}
122      | 2503             | 42507586     | 42540188     | {822, 837, 831, 832, 829, 821, 827, 823, 824, 826, 834, 836, 830, 828, 835}
123      | 2549             | 42540188     | 42636968     | {822, 837, 831, 832, 829, 820, 827, 823, 824, 826, 834, 836, 830, 828, 835}
124      | 2626             | 42636968     | 42799306     | {822, 837, 831, 832, 819, 821, 820, 827, 823, 824, 826, 834, 836, 830, 828}
125      | 2627             | 42799306     | 42832991     | {822, 837, 831, 832, 819, 821, 820, 827, 823, 824, 826, 834, 836, 830, 828, 835}
126      | 2630             | 42832991     | 42898541     | {822, 837, 831, 832, 819, 821, 820, 827, 823, 824, 826, 834, 836, 828, 835}
127      | 2634             | 42898541     | 43005634     | {822, 837, 831, 832, 819, 821, 820, 827, 823, 824, 826, 834, 830, 828, 835}
128      | 2683             | 43005634     | 43218018     | {822, 837, 831, 832, 819, 821, 827, 823, 824, 826, 834, 836, 830, 828, 835}
129      | 2729             | 43218018     | 43293946     | {822, 837, 831, 832, 819, 820, 827, 823, 824, 826, 834, 836, 830, 828, 835}
130      | 2810             | 43293946     | 43630410     | {822, 837, 831, 832, 821, 820, 827, 823, 824, 826, 834, 836, 830, 828}
131      | 2811             | 43630410     | 43658751     | {822, 837, 831, 832, 821, 820, 827, 823, 824, 826, 834, 836, 830, 828, 835}
132      | 2812             | 43658751     | 43717226     | {822, 837, 831, 832, 821, 820, 827, 823, 824, 826, 834, 836, 830, 835}
133      | 2814             | 43717226     | 44152444     | {822, 837, 831, 832, 821, 820, 827, 823, 824, 826, 834, 836, 828, 835}
134      | 2818             | 44152444     | 44223061     | {822, 837, 831, 832, 821, 820, 827, 823, 824, 826, 834, 830, 828, 835}
135      | 2830             | 44223061     | 44332309     | {822, 837, 831, 832, 821, 820, 827, 823, 824, 834, 836, 830, 828, 835}
136      | 2846             | 44332309     | 44410422     | {822, 837, 831, 832, 821, 820, 827, 823, 826, 834, 836, 830, 828, 835}
137      | 2887             | 44410422     | 44519846     | {822, 837, 831, 832, 821, 820, 823, 824, 826, 834, 836, 830, 828, 835}
138      | 2924             | 44519846     | 44706711     | {822, 837, 831, 832, 821, 827, 823, 824, 826, 834, 836, 830, 828, 835}
139      | 2970             | 44706711     | 44791352     | {822, 837, 831, 832, 820, 827, 823, 824, 826, 834, 836, 830, 828, 835}
140      | 2973             | 44791352     | 44815418     | {822, 837, 831, 832, 820, 827, 823, 824, 826, 834, 836, 828, 835}
141      | 2977             | 44815418     | 44949869     | {822, 837, 831, 832, 820, 827, 823, 824, 826, 834, 830, 828, 835}
142      | 3019             | 44949869     | 45020919     | {822, 837, 831, 832, 827, 823, 824, 826, 834, 836, 830, 828, 835}
143      | 3171             | 45020919     | 45129544     | {822, 837, 831, 825, 833, 819, 821, 820, 827, 823, 824, 826, 834, 836, 830, 828, 835}
144      | 3296             | 45129544     | 45197432     | {822, 837, 831, 825, 833, 821, 820, 827, 823, 824, 826, 834, 836, 830, 828, 835}
145      | 3302             | 45197432     | 45389317     | {822, 837, 831, 825, 833, 821, 820, 827, 823, 824, 826, 834, 830, 828, 835}
146      | 3351             | 45389317     | 45487669     | {822, 837, 831, 825, 833, 821, 827, 823, 824, 826, 834, 836, 830, 828, 835}
147      | 3397             | 45487669     | 45490168     | {822, 837, 831, 825, 833, 820, 827, 823, 824, 826, 834, 836, 830, 828, 835}
148      | 3481             | 45490168     | 45604882     | {822, 837, 831, 825, 829, 819, 821, 820, 827, 823, 824, 826, 834, 836, 830, 828, 835}
149      | 3487             | 45604882     | 45645205     | {822, 837, 831, 825, 829, 819, 821, 820, 827, 823, 824, 826, 834, 830, 828, 835}
150      | 3529             | 45645205     | 45860781     | {822, 837, 831, 825, 829, 819, 821, 827, 823, 824, 826, 834, 836, 830, 828, 835}
151      | 3575             | 45860781     | 45939102     | {822, 837, 831, 825, 829, 819, 820, 827, 823, 824, 826, 834, 836, 830, 828, 835}
152      | 3645             | 45939102     | 45973685     | {822, 837, 831, 825, 829, 821, 820, 827, 823, 824, 826, 834, 836, 830, 828}
153      | 3646             | 45973685     | 46132699     | {822, 837, 831, 825, 829, 821, 820, 827, 823, 824, 826, 834, 836, 830, 828, 835}
154      | 3647             | 46132699     | 46336482     | {822, 837, 831, 825, 829, 821, 820, 827, 823, 824, 826, 834, 836, 830, 835}
155      | 3649             | 46336482     | 46543476     | {822, 837, 831, 825, 829, 821, 820, 827, 823, 824, 826, 834, 836, 828, 835}
156      | 3653             | 46543476     | 46781146     | {822, 837, 831, 825, 829, 821, 820, 827, 823, 824, 826, 834, 830, 828, 835}
157      | 3671             | 46781146     | 46857756     | {822, 837, 831, 825, 829, 821, 820, 827, 823, 826, 834, 836, 830, 828, 835}
158      | 3729             | 46857756     | 46962426     | {822, 837, 831, 825, 829, 821, 827, 823, 824, 826, 834, 836, 830, 828, 835}
159      | 3775             | 46962426     | 46963704     | {822, 837, 831, 825, 829, 820, 827, 823, 824, 826, 834, 836, 830, 828, 835}
160      | 3781             | 46963704     | 47051091     | {822, 837, 831, 825, 829, 820, 827, 823, 824, 826, 834, 830, 828, 835}
161      | 3864             | 47051091     | 47071378     | {822, 837, 831, 825, 819, 821, 820, 827, 823, 824, 826, 834, 836, 830, 828}
162      | 3865             | 47071378     | 47134526     | {822, 837, 831, 825, 819, 821, 820, 827, 823, 824, 826, 834, 836, 830, 828, 835}
163      | 3866             | 47134526     | 47405350     | {822, 837, 831, 825, 819, 821, 820, 827, 823, 824, 826, 834, 836, 830, 835}
164      | 3868             | 47405350     | 47663654     | {822, 837, 831, 825, 819, 821, 820, 827, 823, 824, 826, 834, 836, 828, 835}
165      | 3872             | 47663654     | 47798335     | {822, 837, 831, 825, 819, 821, 820, 827, 823, 824, 826, 834, 830, 828, 835}
166      | 3884             | 47798335     | 47883949     | {822, 837, 831, 825, 819, 821, 820, 827, 823, 824, 834, 836, 830, 828, 835}
167      | 3900             | 47883949     | 48213717     | {822, 837, 831, 825, 819, 821, 820, 827, 823, 826, 834, 836, 830, 828, 835}
168      | 3968             | 48213717     | 48341203     | {822, 837, 831, 825, 819, 821, 827, 823, 824, 826, 834, 836, 830, 828, 835}
169      | 4016             | 48341203     | 48591706     | {822, 837, 831, 825, 819, 820, 827, 823, 824, 826, 834, 836, 830, 828, 835}
170      | 4061             | 48591706     | 48665883     | {822, 837, 831, 825, 819, 827, 823, 824, 826, 834, 836, 830, 828, 835}
171      | 4107             | 48665883     | 48795090     | {822, 837, 831, 825, 821, 820, 827, 823, 824, 826, 834, 836, 830, 828}
172      | 4108             | 48795090     | 49003479     | {822, 837, 831, 825, 821, 820, 827, 823, 824, 826, 834, 836, 830, 828, 835}
173      | 4109             | 49003479     | 49097086     | {822, 837, 831, 825, 821, 820, 827, 823, 824, 826, 834, 836, 830, 835}
174      | 4111             | 49097086     | 49454021     | {822, 837, 831, 825, 821, 820, 827, 823, 824, 826, 834, 836, 828, 835}
175      | 4115             | 49454021     | 49475581     | {822, 837, 831, 825, 821, 820, 827, 823, 824, 826, 834, 830, 828, 835}
176      | 4127             | 49475581     | 49850958     | {822, 837, 831, 825, 821, 820, 827, 823, 824, 834, 836, 830, 828, 835}
177      | 4143             | 49850958     | 49973941     | {822, 837, 831, 825, 821, 820, 827, 823, 826, 834, 836, 830, 828, 835}
178      | 4206             | 49973941     | 50094767     | {822, 837, 831, 825, 821, 827, 823, 824, 826, 834, 836, 830, 828, 835}
179      | 4252             | 50094767     | 50162165     | {822, 837, 831, 825, 820, 827, 823, 824, 826, 834, 836, 830, 828, 835}
180      | 4255             | 50162165     | 50164107     | {822, 837, 831, 825, 820, 827, 823, 824, 826, 834, 836, 828, 835}
181      | 4259             | 50164107     | 50265731     | {822, 837, 831, 825, 820, 827, 823, 824, 826, 834, 830, 828, 835}
182      | 4308             | 50265731     | 50267605     | {822, 837, 831, 825, 827, 823, 824, 826, 834, 836, 830, 828, 835}
183      | 4482             | 50267605     | 50588402     | {822, 837, 831, 833, 819, 821, 820, 827, 823, 824, 826, 834, 836, 830, 828, 835}
184      | 4607             | 50588402     | 50779385     | {822, 837, 831, 833, 821, 820, 827, 823, 824, 826, 834, 836, 830, 828, 835}
185      | 4697             | 50779385     | 50811866     | {822, 837, 831, 833, 820, 827, 823, 824, 826, 834, 836, 830, 828, 835}
186      | 4769             | 50811866     | 50819442     | {822, 837, 831, 829, 819, 821, 820, 827, 823, 824, 826, 834, 836, 830, 828}
187      | 4770             | 50819442     | 51147192     | {822, 837, 831, 829, 819, 821, 820, 827, 823, 824, 826, 834, 836, 830, 828, 835}
188      | 4773             | 51147192     | 51219358     | {822, 837, 831, 829, 819, 821, 820, 827, 823, 824, 826, 834, 836, 828, 835}
189      | 4777             | 51219358     | 51288067     | {822, 837, 831, 829, 819, 821, 820, 827, 823, 824, 826, 834, 830, 828, 835}
190      | 4826             | 51288067     | 51314415     | {822, 837, 831, 829, 819, 821, 827, 823, 824, 826, 834, 836, 830, 828, 835}
191      | 4872             | 51314415     | 51500225     | {822, 837, 831, 829, 819, 820, 827, 823, 824, 826, 834, 836, 830, 828, 835}
192      | 4942             | 51500225     | 51605672     | {822, 837, 831, 829, 821, 820, 827, 823, 824, 826, 834, 836, 830, 828}
193      | 4943             | 51605672     | 51754386     | {822, 837, 831, 829, 821, 820, 827, 823, 824, 826, 834, 836, 830, 828, 835}
194      | 4944             | 51754386     | 51756862     | {822, 837, 831, 829, 821, 820, 827, 823, 824, 826, 834, 836, 830, 835}
195      | 4946             | 51756862     | 52007566     | {822, 837, 831, 829, 821, 820, 827, 823, 824, 826, 834, 836, 828, 835}
196      | 4950             | 52007566     | 52461746     | {822, 837, 831, 829, 821, 820, 827, 823, 824, 826, 834, 830, 828, 835}
197      | 4968             | 52461746     | 52508861     | {822, 837, 831, 829, 821, 820, 827, 823, 826, 834, 836, 830, 828, 835}
198      | 5026             | 52508861     | 52513624     | {822, 837, 831, 829, 821, 827, 823, 824, 826, 834, 836, 830, 828, 835}
199      | 5072             | 52513624     | 52515559     | {822, 837, 831, 829, 820, 827, 823, 824, 826, 834, 836, 830, 828, 835}
200      | 5149             | 52515559     | 52582905     | {822, 837, 831, 819, 821, 820, 827, 823, 824, 826, 834, 836, 830, 828}
201      | 5150             | 52582905     | 53064806     | {822, 837, 831, 819, 821, 820, 827, 823, 824, 826, 834, 836, 830, 828, 835}
202      | 5151             | 53064806     | 53165975     | {822, 837, 831, 819, 821, 820, 827, 823, 824, 826, 834, 836, 830, 835}
203      | 5153             | 53165975     | 53403895     | {822, 837, 831, 819, 821, 820, 827, 823, 824, 826, 834, 836, 828, 835}
204      | 5157             | 53403895     | 53531625     | {822, 837, 831, 819, 821, 820, 827, 823, 824, 826, 834, 830, 828, 835}
205      | 5169             | 53531625     | 53638810     | {822, 837, 831, 819, 821, 820, 827, 823, 824, 834, 836, 830, 828, 835}
206      | 5185             | 53638810     | 53942936     | {822, 837, 831, 819, 821, 820, 827, 823, 826, 834, 836, 830, 828, 835}
207      | 5243             | 53942936     | 54131878     | {822, 837, 831, 819, 821, 827, 823, 824, 826, 834, 836, 830, 828, 835}
208      | 5289             | 54131878     | 54348138     | {822, 837, 831, 819, 820, 827, 823, 824, 826, 834, 836, 830, 828, 835}
209      | 5370             | 54348138     | 54349859     | {822, 837, 831, 821, 820, 827, 823, 824, 826, 834, 836, 830, 828}
210      | 5371             | 54349859     | 54382464     | {822, 837, 831, 821, 820, 827, 823, 824, 826, 834, 836, 830, 828, 835}
211      | 5372             | 54382464     | 54985552     | {822, 837, 831, 821, 820, 827, 823, 824, 826, 834, 836, 830, 835}
212      | 5374             | 54985552     | 55413453     | {822, 837, 831, 821, 820, 827, 823, 824, 826, 834, 836, 828, 835}
213      | 5378             | 55413453     | 55443411     | {822, 837, 831, 821, 820, 827, 823, 824, 826, 834, 830, 828, 835}
214      | 5396             | 55443411     | 55581172     | {822, 837, 831, 821, 820, 827, 823, 826, 834, 836, 830, 828, 835}
215      | 5448             | 55581172     | 55584141     | {822, 837, 831, 821, 827, 823, 824, 826, 834, 836, 830, 828, 835}
216      | 5494             | 55584141     | 55607788     | {822, 837, 831, 820, 827, 823, 824, 826, 834, 836, 830, 828, 835}
217      | 5837             | 55607788     | 55712335     | {822, 837, 832, 821, 820, 827, 823, 824, 826, 834, 836, 830, 828, 835}
218      | 6117             | 55712335     | 55965107     | {822, 837, 825, 833, 821, 820, 827, 823, 824, 826, 834, 836, 830, 828, 835}
219      | 6243             | 55965107     | 56356819     | {822, 837, 825, 829, 819, 821, 820, 827, 823, 824, 826, 834, 836, 830, 828, 835}
220      | 6368             | 56356819     | 56825906     | {822, 837, 825, 829, 821, 820, 827, 823, 824, 826, 834, 836, 830, 828, 835}
221      | 6371             | 56825906     | 56845648     | {822, 837, 825, 829, 821, 820, 827, 823, 824, 826, 834, 836, 828, 835}
222      | 6375             | 56845648     | 56849981     | {822, 837, 825, 829, 821, 820, 827, 823, 824, 826, 834, 830, 828, 835}
223      | 6424             | 56849981     | 56997233     | {822, 837, 825, 829, 821, 827, 823, 824, 826, 834, 836, 830, 828, 835}
224      | 6470             | 56997233     | 57117480     | {822, 837, 825, 829, 820, 827, 823, 824, 826, 834, 836, 830, 828, 835}
225      | 6541             | 57117480     | 57426390     | {822, 837, 825, 819, 821, 820, 827, 823, 824, 826, 834, 836, 830, 828}
226      | 6542             | 57426390     | 57427803     | {822, 837, 825, 819, 821, 820, 827, 823, 824, 826, 834, 836, 830, 828, 835}
227      | 6543             | 57427803     | 57503092     | {822, 837, 825, 819, 821, 820, 827, 823, 824, 826, 834, 836, 830, 835}
228      | 6545             | 57503092     | 57539492     | {822, 837, 825, 819, 821, 820, 827, 823, 824, 826, 834, 836, 828, 835}
229      | 6549             | 57539492     | 57817800     | {822, 837, 825, 819, 821, 820, 827, 823, 824, 826, 834, 830, 828, 835}
230      | 6561             | 57817800     | 57983136     | {822, 837, 825, 819, 821, 820, 827, 823, 824, 834, 836, 830, 828, 835}
231      | 6577             | 57983136     | 58250187     | {822, 837, 825, 819, 821, 820, 827, 823, 826, 834, 836, 830, 828, 835}
232      | 6623             | 58250187     | 58265822     | {822, 837, 825, 819, 821, 827, 823, 824, 826, 834, 836, 830, 828, 835}
233      | 6669             | 58265822     | 58496402     | {822, 837, 825, 819, 820, 827, 823, 824, 826, 834, 836, 830, 828, 835}
234      | 6750             | 58496402     | 58507274     | {822, 837, 825, 821, 820, 827, 823, 824, 826, 834, 836, 830, 828}
235      | 6751             | 58507274     | 59028933     | {822, 837, 825, 821, 820, 827, 823, 824, 826, 834, 836, 830, 828, 835}
236      | 6752             | 59028933     | 59144695     | {822, 837, 825, 821, 820, 827, 823, 824, 826, 834, 836, 830, 835}
237      | 6754             | 59144695     | 59580683     | {822, 837, 825, 821, 820, 827, 823, 824, 826, 834, 836, 828, 835}
238      | 6758             | 59580683     | 59675888     | {822, 837, 825, 821, 820, 827, 823, 824, 826, 834, 830, 828, 835}
239      | 6776             | 59675888     | 59676903     | {822, 837, 825, 821, 820, 827, 823, 826, 834, 836, 830, 828, 835}
240      | 6822             | 59676903     | 59730595     | {822, 837, 825, 821, 827, 823, 824, 826, 834, 836, 830, 828, 835}
241      | 6868             | 59730595     | 59760023     | {822, 837, 825, 820, 827, 823, 824, 826, 834, 836, 830, 828, 835}
242      | 7013             | 59760023     | 60119720     | {822, 837, 833, 829, 821, 820, 827, 823, 824, 826, 834, 836, 830, 828, 835}
243      | 7105             | 60119720     | 60171617     | {822, 837, 833, 819, 821, 820, 827, 823, 824, 826, 834, 836, 830, 828, 835}
244      | 7195             | 60171617     | 60201203     | {822, 837, 833, 819, 820, 827, 823, 824, 826, 834, 836, 830, 828, 835}
245      | 7259             | 60201203     | 60389459     | {822, 837, 833, 821, 820, 827, 823, 824, 826, 834, 836, 830, 828, 835}
246      | 7265             | 60389459     | 60543676     | {822, 837, 833, 821, 820, 827, 823, 824, 826, 834, 830, 828, 835}
247      | 7307             | 60543676     | 60623146     | {822, 837, 833, 821, 827, 823, 824, 826, 834, 836, 830, 828, 835}
248      | 7353             | 60623146     | 60871559     | {822, 837, 833, 820, 827, 823, 824, 826, 834, 836, 830, 828, 835}
249      | 7418             | 60871559     | 61105356     | {822, 837, 829, 819, 821, 820, 827, 823, 824, 826, 834, 836, 830, 828}
250      | 7419             | 61105356     | 61272150     | {822, 837, 829, 819, 821, 820, 827, 823, 824, 826, 834, 836, 830, 828, 835}
251      | 7420             | 61272150     | 61279031     | {822, 837, 829, 819, 821, 820, 827, 823, 824, 826, 834, 836, 830, 835}
252      | 7422             | 61279031     | 61382443     | {822, 837, 829, 819, 821, 820, 827, 823, 824, 826, 834, 836, 828, 835}
253      | 7426             | 61382443     | 61450232     | {822, 837, 829, 819, 821, 820, 827, 823, 824, 826, 834, 830, 828, 835}
254      | 7480             | 61450232     | 61830550     | {822, 837, 829, 819, 821, 827, 823, 824, 826, 834, 836, 830, 828, 835}
255      | 7526             | 61830550     | 62059560     | {822, 837, 829, 819, 820, 827, 823, 824, 826, 834, 836, 830, 828, 835}
256      | 7589             | 62059560     | 62104517     | {822, 837, 829, 821, 820, 827, 823, 824, 826, 834, 836, 830, 828}
257      | 7590             | 62104517     | 62337805     | {822, 837, 829, 821, 820, 827, 823, 824, 826, 834, 836, 830, 828, 835}
258      | 7591             | 62337805     | 62467328     | {822, 837, 829, 821, 820, 827, 823, 824, 826, 834, 836, 830, 835}
259      | 7593             | 62467328     | 62672310     | {822, 837, 829, 821, 820, 827, 823, 824, 826, 834, 836, 828, 835}
260      | 7597             | 62672310     | 62717908     | {822, 837, 829, 821, 820, 827, 823, 824, 826, 834, 830, 828, 835}
261      | 7660             | 62717908     | 62797999     | {822, 837, 829, 821, 827, 823, 824, 826, 834, 836, 830, 828, 835}
262      | 7706             | 62797999     | 62833579     | {822, 837, 829, 820, 827, 823, 824, 826, 834, 836, 830, 828, 835}
263      | 7777             | 62833579     | 63267299     | {822, 837, 819, 821, 820, 827, 823, 824, 826, 834, 836, 830, 828}
264      | 7778             | 63267299     | 63476151     | {822, 837, 819, 821, 820, 827, 823, 824, 826, 834, 836, 830, 828, 835}
265      | 7779             | 63476151     | 63640816     | {822, 837, 819, 821, 820, 827, 823, 824, 826, 834, 836, 830, 835}
266      | 7781             | 63640816     | 63761017     | {822, 837, 819, 821, 820, 827, 823, 824, 826, 834, 836, 828, 835}
267      | 7785             | 63761017     | 64289526     | {822, 837, 819, 821, 820, 827, 823, 824, 826, 834, 830, 828, 835}
268      | 7797             | 64289526     | 64604531     | {822, 837, 819, 821, 820, 827, 823, 824, 834, 836, 830, 828, 835}
269      | 7813             | 64604531     | 64654661     | {822, 837, 819, 821, 820, 827, 823, 826, 834, 836, 830, 828, 835}
270      | 7859             | 64654661     | 64971510     | {822, 837, 819, 821, 827, 823, 824, 826, 834, 836, 830, 828, 835}
271      | 7905             | 64971510     | 65017041     | {822, 837, 819, 820, 827, 823, 824, 826, 834, 836, 830, 828, 835}
272      | 7975             | 65017041     | 65060136     | {822, 837, 821, 820, 827, 823, 824, 826, 834, 836, 830, 828}
273      | 7976             | 65060136     | 65187106     | {822, 837, 821, 820, 827, 823, 824, 826, 834, 836, 830, 828, 835}
274      | 7977             | 65187106     | 65785256     | {822, 837, 821, 820, 827, 823, 824, 826, 834, 836, 830, 835}
275      | 7979             | 65785256     | 65897319     | {822, 837, 821, 820, 827, 823, 824, 826, 834, 836, 828, 835}
276      | 7983             | 65897319     | 65973750     | {822, 837, 821, 820, 827, 823, 824, 826, 834, 830, 828, 835}
277      | 8037             | 65973750     | 66599824     | {822, 837, 821, 827, 823, 824, 826, 834, 836, 830, 828, 835}
278      | 8083             | 66599824     | 66610807     | {822, 837, 820, 827, 823, 824, 826, 834, 836, 830, 828, 835}
279      | 8475             | 66610807     | 66774182     | {822, 831, 825, 821, 820, 827, 823, 824, 826, 834, 836, 830, 828, 835}
280      | 8551             | 66774182     | 66827359     | {822, 831, 825, 820, 827, 823, 824, 826, 834, 836, 830, 828, 835}
281      | 8876             | 66827359     | 66880405     | {822, 831, 829, 821, 820, 827, 823, 824, 826, 834, 836, 830, 828, 835}
282      | 8946             | 66880405     | 67230177     | {822, 831, 829, 820, 827, 823, 824, 826, 834, 836, 830, 828, 835}
283      | 9011             | 67230177     | 67550637     | {822, 831, 819, 821, 820, 827, 823, 824, 826, 834, 836, 830, 828, 835}
284      | 9014             | 67550637     | 67957233     | {822, 831, 819, 821, 820, 827, 823, 824, 826, 834, 836, 828, 835}
285      | 9018             | 67957233     | 68085600     | {822, 831, 819, 821, 820, 827, 823, 824, 826, 834, 830, 828, 835}
286      | 9067             | 68085600     | 68112272     | {822, 831, 819, 821, 827, 823, 824, 826, 834, 836, 830, 828, 835}
287      | 9113             | 68112272     | 68293951     | {822, 831, 819, 820, 827, 823, 824, 826, 834, 836, 830, 828, 835}
288      | 9183             | 68293951     | 68358903     | {822, 831, 821, 820, 827, 823, 824, 826, 834, 836, 830, 828}
289      | 9184             | 68358903     | 68503699     | {822, 831, 821, 820, 827, 823, 824, 826, 834, 836, 830, 828, 835}
290      | 9187             | 68503699     | 68564106     | {822, 831, 821, 820, 827, 823, 824, 826, 834, 836, 828, 835}
291      | 9191             | 68564106     | 68704381     | {822, 831, 821, 820, 827, 823, 824, 826, 834, 830, 828, 835}
292      | 9255             | 68704381     | 68981247     | {822, 831, 821, 827, 823, 824, 826, 834, 836, 830, 828, 835}
293      | 9301             | 68981247     | 69165096     | {822, 831, 820, 827, 823, 824, 826, 834, 836, 830, 828, 835}
294      | 9307             | 69165096     | 69315728     | {822, 831, 820, 827, 823, 824, 826, 834, 830, 828, 835}
295      | 9658             | 69315728     | 69692792     | {822, 832, 821, 820, 827, 823, 824, 826, 834, 836, 830, 828, 835}
296      | 9859             | 69692792     | 69804879     | {822, 825, 833, 819, 821, 820, 827, 823, 824, 826, 834, 836, 830, 828, 835}
297      | 9957             | 69804879     | 69828299     | {822, 825, 833, 821, 820, 827, 823, 824, 826, 834, 836, 830, 828, 835}
298      | 10027            | 69828299     | 69995494     | {822, 825, 833, 820, 827, 823, 824, 826, 834, 836, 830, 828, 835}
299      | 10093            | 69995494     | 70163327     | {822, 825, 829, 819, 821, 820, 827, 823, 824, 826, 834, 836, 830, 828, 835}
300      | 10169            | 70163327     | 70353363     | {822, 825, 829, 819, 820, 827, 823, 824, 826, 834, 836, 830, 828, 835}
301      | 10233            | 70353363     | 70364364     | {822, 825, 829, 821, 820, 827, 823, 824, 826, 834, 836, 830, 828, 835}
302      | 10236            | 70364364     | 70377163     | {822, 825, 829, 821, 820, 827, 823, 824, 826, 834, 836, 828, 835}
303      | 10240            | 70377163     | 70501942     | {822, 825, 829, 821, 820, 827, 823, 824, 826, 834, 830, 828, 835}
304      | 10304            | 70501942     | 71311090     | {822, 825, 829, 821, 827, 823, 824, 826, 834, 836, 830, 828, 835}
305      | 10350            | 71311090     | 71347666     | {822, 825, 829, 820, 827, 823, 824, 826, 834, 836, 830, 828, 835}
306      | 10421            | 71347666     | 71384797     | {822, 825, 819, 821, 820, 827, 823, 824, 826, 834, 836, 830, 828}
307      | 10422            | 71384797     | 71546675     | {822, 825, 819, 821, 820, 827, 823, 824, 826, 834, 836, 830, 828, 835}
308      | 10423            | 71546675     | 72072411     | {822, 825, 819, 821, 820, 827, 823, 824, 826, 834, 836, 830, 835}
309      | 10425            | 72072411     | 72117885     | {822, 825, 819, 821, 820, 827, 823, 824, 826, 834, 836, 828, 835}
310      | 10429            | 72117885     | 72397492     | {822, 825, 819, 821, 820, 827, 823, 824, 826, 834, 830, 828, 835}
311      | 10441            | 72397492     | 72436545     | {822, 825, 819, 821, 820, 827, 823, 824, 834, 836, 830, 828, 835}
312      | 10457            | 72436545     | 72706383     | {822, 825, 819, 821, 820, 827, 823, 826, 834, 836, 830, 828, 835}
313      | 10509            | 72706383     | 72943304     | {822, 825, 819, 821, 827, 823, 824, 826, 834, 836, 830, 828, 835}
314      | 10555            | 72943304     | 73069067     | {822, 825, 819, 820, 827, 823, 824, 826, 834, 836, 830, 828, 835}
315      | 10636            | 73069067     | 73282775     | {822, 825, 821, 820, 827, 823, 824, 826, 834, 836, 830, 828}
316      | 10637            | 73282775     | 73734528     | {822, 825, 821, 820, 827, 823, 824, 826, 834, 836, 830, 828, 835}
317      | 10638            | 73734528     | 73955759     | {822, 825, 821, 820, 827, 823, 824, 826, 834, 836, 830, 835}
318      | 10640            | 73955759     | 74305939     | {822, 825, 821, 820, 827, 823, 824, 826, 834, 836, 828, 835}
319      | 10644            | 74305939     | 74421411     | {822, 825, 821, 820, 827, 823, 824, 826, 834, 830, 828, 835}
320      | 10662            | 74421411     | 74611873     | {822, 825, 821, 820, 827, 823, 826, 834, 836, 830, 828, 835}
321      | 10714            | 74611873     | 74683049     | {822, 825, 821, 827, 823, 824, 826, 834, 836, 830, 828, 835}
322      | 10760            | 74683049     | 74694663     | {822, 825, 820, 827, 823, 824, 826, 834, 836, 830, 828, 835}
323      | 10766            | 74694663     | 74957974     | {822, 825, 820, 827, 823, 824, 826, 834, 830, 828, 835}
324      | 10949            | 74957974     | 75203932     | {822, 833, 819, 821, 820, 827, 823, 824, 826, 834, 836, 830, 828, 835}
325      | 11047            | 75203932     | 75699770     | {822, 833, 821, 820, 827, 823, 824, 826, 834, 836, 830, 828, 835}
326      | 11153            | 75699770     | 75939724     | {822, 829, 819, 821, 820, 827, 823, 824, 826, 834, 836, 830, 828, 835}
327      | 11159            | 75939724     | 75981093     | {822, 829, 819, 821, 820, 827, 823, 824, 826, 834, 830, 828, 835}
328      | 11232            | 75981093     | 75991065     | {822, 829, 819, 820, 827, 823, 824, 826, 834, 836, 830, 828, 835}
329      | 11288            | 75991065     | 76051825     | {822, 829, 821, 820, 827, 823, 824, 826, 834, 836, 830, 828, 835}
330      | 11291            | 76051825     | 76393890     | {822, 829, 821, 820, 827, 823, 824, 826, 834, 836, 828, 835}
331      | 11295            | 76393890     | 76492739     | {822, 829, 821, 820, 827, 823, 824, 826, 834, 830, 828, 835}
332      | 11337            | 76492739     | 76564497     | {822, 829, 821, 827, 823, 824, 826, 834, 836, 830, 828, 835}
333      | 11383            | 76564497     | 76896037     | {822, 829, 820, 827, 823, 824, 826, 834, 836, 830, 828, 835}
334      | 11447            | 76896037     | 76939943     | {822, 819, 821, 820, 827, 823, 824, 826, 834, 836, 830, 828}
335      | 11448            | 76939943     | 77598627     | {822, 819, 821, 820, 827, 823, 824, 826, 834, 836, 830, 828, 835}
336      | 11449            | 77598627     | 77772292     | {822, 819, 821, 820, 827, 823, 824, 826, 834, 836, 830, 835}
337      | 11451            | 77772292     | 78439276     | {822, 819, 821, 820, 827, 823, 824, 826, 834, 836, 828, 835}
338      | 11455            | 78439276     | 78575803     | {822, 819, 821, 820, 827, 823, 824, 826, 834, 830, 828, 835}
339      | 11473            | 78575803     | 78583658     | {822, 819, 821, 820, 827, 823, 826, 834, 836, 830, 828, 835}
340      | 11519            | 78583658     | 78640215     | {822, 819, 821, 827, 823, 824, 826, 834, 836, 830, 828, 835}
341      | 11565            | 78640215     | 78871784     | {822, 819, 820, 827, 823, 824, 826, 834, 836, 830, 828, 835}
342      | 11635            | 78871784     | 79003344     | {822, 821, 820, 827, 823, 824, 826, 834, 836, 830, 828}
343      | 11636            | 79003344     | 79202725     | {822, 821, 820, 827, 823, 824, 826, 834, 836, 830, 828, 835}
344      | 11639            | 79202725     | 79698757     | {822, 821, 820, 827, 823, 824, 826, 834, 836, 828, 835}
345      | 11643            | 79698757     | 79823707     | {822, 821, 820, 827, 823, 824, 826, 834, 830, 828, 835}
346      | 11692            | 79823707     | 80096804     | {822, 821, 827, 823, 824, 826, 834, 836, 830, 828, 835}
347      | 11738            | 80096804     | 80538930     | {822, 820, 827, 823, 824, 826, 834, 836, 830, 828, 835}
348      | 12329            | 80538930     | 80677287     | {837, 832, 821, 820, 827, 823, 824, 826, 834, 836, 830, 828, 835}
349      | 12594            | 80677287     | 80687083     | {837, 825, 829, 821, 820, 827, 823, 824, 826, 834, 836, 830, 828, 835}
350      | 12693            | 80687083     | 81117782     | {837, 825, 819, 821, 820, 827, 823, 824, 826, 834, 836, 830, 828, 835}
351      | 12836            | 81117782     | 81244274     | {837, 825, 821, 820, 827, 823, 824, 826, 834, 836, 830, 828, 835}
352      | 12839            | 81244274     | 81455802     | {837, 825, 821, 820, 827, 823, 824, 826, 834, 836, 828, 835}
353      | 12843            | 81455802     | 81467009     | {837, 825, 821, 820, 827, 823, 824, 826, 834, 830, 828, 835}
354      | 12885            | 81467009     | 81597074     | {837, 825, 821, 827, 823, 824, 826, 834, 836, 830, 828, 835}
355      | 12931            | 81597074     | 82265565     | {837, 825, 820, 827, 823, 824, 826, 834, 836, 830, 828, 835}
356      | 12998            | 82265565     | 82384934     | {837, 833, 829, 819, 821, 820, 827, 823, 824, 826, 834, 836, 830, 828, 835}
357      | 13103            | 82384934     | 82741442     | {837, 833, 829, 821, 820, 827, 823, 824, 826, 834, 836, 830, 828, 835}
358      | 13225            | 82741442     | 82941284     | {837, 833, 819, 821, 820, 827, 823, 824, 826, 834, 836, 830, 828}
359      | 13226            | 82941284     | 83033006     | {837, 833, 819, 821, 820, 827, 823, 824, 826, 834, 836, 830, 828, 835}
360      | 13227            | 83033006     | 83092854     | {837, 833, 819, 821, 820, 827, 823, 824, 826, 834, 836, 830, 835}
361      | 13229            | 83092854     | 83156133     | {837, 833, 819, 821, 820, 827, 823, 824, 826, 834, 836, 828, 835}
362      | 13233            | 83156133     | 83690717     | {837, 833, 819, 821, 820, 827, 823, 824, 826, 834, 830, 828, 835}
363      | 13275            | 83690717     | 83943936     | {837, 833, 819, 821, 827, 823, 824, 826, 834, 836, 830, 828, 835}
364      | 13321            | 83943936     | 83975238     | {837, 833, 819, 820, 827, 823, 824, 826, 834, 836, 830, 828, 835}
365      | 13377            | 83975238     | 84041781     | {837, 833, 821, 820, 827, 823, 824, 826, 834, 836, 830, 828, 835}
366      | 13380            | 84041781     | 84556087     | {837, 833, 821, 820, 827, 823, 824, 826, 834, 836, 828, 835}
367      | 13384            | 84556087     | 84588562     | {837, 833, 821, 820, 827, 823, 824, 826, 834, 830, 828, 835}
368      | 13426            | 84588562     | 84593842     | {837, 833, 821, 827, 823, 824, 826, 834, 836, 830, 828, 835}
369      | 13472            | 84593842     | 84909175     | {837, 833, 820, 827, 823, 824, 826, 834, 836, 830, 828, 835}
370      | 13529            | 84909175     | 84910213     | {837, 829, 819, 821, 820, 827, 823, 824, 826, 834, 836, 830, 828}
371      | 13530            | 84910213     | 85299210     | {837, 829, 819, 821, 820, 827, 823, 824, 826, 834, 836, 830, 828, 835}
372      | 13531            | 85299210     | 85554058     | {837, 829, 819, 821, 820, 827, 823, 824, 826, 834, 836, 830, 835}
373      | 13533            | 85554058     | 85603801     | {837, 829, 819, 821, 820, 827, 823, 824, 826, 834, 836, 828, 835}
374      | 13537            | 85603801     | 85640997     | {837, 829, 819, 821, 820, 827, 823, 824, 826, 834, 830, 828, 835}
375      | 13584            | 85640997     | 85702796     | {837, 829, 819, 821, 827, 823, 824, 826, 834, 836, 830, 828, 835}
376      | 13630            | 85702796     | 85830388     | {837, 829, 819, 820, 827, 823, 824, 826, 834, 836, 830, 828, 835}
377      | 13693            | 85830388     | 85921037     | {837, 829, 821, 820, 827, 823, 824, 826, 834, 836, 830, 828}
378      | 13694            | 85921037     | 86843483     | {837, 829, 821, 820, 827, 823, 824, 826, 834, 836, 830, 828, 835}
379      | 13695            | 86843483     | 87264143     | {837, 829, 821, 820, 827, 823, 824, 826, 834, 836, 830, 835}
380      | 13697            | 87264143     | 87330054     | {837, 829, 821, 820, 827, 823, 824, 826, 834, 836, 828, 835}
381      | 13701            | 87330054     | 87378491     | {837, 829, 821, 820, 827, 823, 824, 826, 834, 830, 828, 835}
382      | 13743            | 87378491     | 87447680     | {837, 829, 821, 827, 823, 824, 826, 834, 836, 830, 828, 835}
383      | 13789            | 87447680     | 87852368     | {837, 829, 820, 827, 823, 824, 826, 834, 836, 830, 828, 835}
384      | 13853            | 87852368     | 87934959     | {837, 819, 821, 820, 827, 823, 824, 826, 834, 836, 830, 828}
385      | 13854            | 87934959     | 88498992     | {837, 819, 821, 820, 827, 823, 824, 826, 834, 836, 830, 828, 835}
386      | 13855            | 88498992     | 88626223     | {837, 819, 821, 820, 827, 823, 824, 826, 834, 836, 830, 835}
387      | 13857            | 88626223     | 88910089     | {837, 819, 821, 820, 827, 823, 824, 826, 834, 836, 828, 835}
388      | 13861            | 88910089     | 89565077     | {837, 819, 821, 820, 827, 823, 824, 826, 834, 830, 828, 835}
389      | 13908            | 89565077     | 89581704     | {837, 819, 821, 827, 823, 824, 826, 834, 836, 830, 828, 835}
390      | 13954            | 89581704     | 89776191     | {837, 819, 820, 827, 823, 824, 826, 834, 836, 830, 828, 835}
391      | 14017            | 89776191     | 90048600     | {837, 821, 820, 827, 823, 824, 826, 834, 836, 830, 828}
392      | 14018            | 90048600     | 90572727     | {837, 821, 820, 827, 823, 824, 826, 834, 836, 830, 828, 835}
393      | 14021            | 90572727     | 91010455     | {837, 821, 820, 827, 823, 824, 826, 834, 836, 828, 835}
394      | 14025            | 91010455     | 91142469     | {837, 821, 820, 827, 823, 824, 826, 834, 830, 828, 835}
395      | 14067            | 91142469     | 91808233     | {837, 821, 827, 823, 824, 826, 834, 836, 830, 828, 835}
396      | 14113            | 91808233     | 91923162     | {837, 820, 827, 823, 824, 826, 834, 836, 830, 828, 835}
397      | 14657            | 91923162     | 91967951     | {831, 829, 821, 820, 827, 823, 824, 826, 834, 836, 830, 828, 835}
398      | 14767            | 91967951     | 92196692     | {831, 819, 821, 820, 827, 823, 824, 826, 834, 836, 830, 828, 835}
399      | 14773            | 92196692     | 92250002     | {831, 819, 821, 820, 827, 823, 824, 826, 834, 830, 828, 835}
400      | 14815            | 92250002     | 92328233     | {831, 819, 821, 827, 823, 824, 826, 834, 836, 830, 828, 835}
401      | 14861            | 92328233     | 92861113     | {831, 819, 820, 827, 823, 824, 826, 834, 836, 830, 828, 835}
402      | 14925            | 92861113     | 93031596     | {831, 821, 820, 827, 823, 824, 826, 834, 836, 830, 828, 835}
403      | 14928            | 93031596     | 93044923     | {831, 821, 820, 827, 823, 824, 826, 834, 836, 828, 835}
404      | 14932            | 93044923     | 93200998     | {831, 821, 820, 827, 823, 824, 826, 834, 830, 828, 835}
405      | 14974            | 93200998     | 93388988     | {831, 821, 827, 823, 824, 826, 834, 836, 830, 828, 835}
406      | 15020            | 93388988     | 93403963     | {831, 820, 827, 823, 824, 826, 834, 836, 830, 828, 835}
407      | 15370            | 93403963     | 93750449     | {832, 833, 821, 820, 827, 823, 824, 826, 834, 836, 830, 828, 835}
408      | 15514            | 93750449     | 93798356     | {832, 829, 821, 820, 827, 823, 824, 826, 834, 836, 830, 828, 835}
409      | 15619            | 93798356     | 94471438     | {832, 819, 821, 820, 827, 823, 824, 826, 834, 836, 830, 828, 835}
410      | 15735            | 94471438     | 95627789     | {832, 821, 820, 827, 823, 824, 826, 834, 836, 830, 828, 835}
411      | 15741            | 95627789     | 95633643     | {832, 821, 820, 827, 823, 824, 826, 834, 830, 828, 835}
412      | 15819            | 95633643     | 95679855     | {832, 820, 827, 823, 824, 826, 834, 836, 830, 828, 835}
413      | 16034            | 95679855     | 96168737     | {825, 833, 821, 820, 827, 823, 824, 826, 834, 836, 830, 828, 835}
414      | 16140            | 96168737     | 96171342     | {825, 829, 819, 821, 820, 827, 823, 824, 826, 834, 836, 830, 828, 835}
415      | 16238            | 96171342     | 96405708     | {825, 829, 821, 820, 827, 823, 824, 826, 834, 836, 830, 828, 835}
416      | 16244            | 96405708     | 96848692     | {825, 829, 821, 820, 827, 823, 824, 826, 834, 830, 828, 835}
417      | 16317            | 96848692     | 97105373     | {825, 829, 820, 827, 823, 824, 826, 834, 836, 830, 828, 835}
418      | 16373            | 97105373     | 97143679     | {825, 819, 821, 820, 827, 823, 824, 826, 834, 836, 830, 828}
419      | 16374            | 97143679     | 97372945     | {825, 819, 821, 820, 827, 823, 824, 826, 834, 836, 830, 828, 835}
420      | 16375            | 97372945     | 97411647     | {825, 819, 821, 820, 827, 823, 824, 826, 834, 836, 830, 835}
421      | 16377            | 97411647     | 97460476     | {825, 819, 821, 820, 827, 823, 824, 826, 834, 836, 828, 835}
422      | 16381            | 97460476     | 97640740     | {825, 819, 821, 820, 827, 823, 824, 826, 834, 830, 828, 835}
423      | 16435            | 97640740     | 97774605     | {825, 819, 821, 827, 823, 824, 826, 834, 836, 830, 828, 835}
424      | 16481            | 97774605     | 98377527     | {825, 819, 820, 827, 823, 824, 826, 834, 836, 830, 828, 835}
425      | 16551            | 98377527     | 98521448     | {825, 821, 820, 827, 823, 824, 826, 834, 836, 830, 828}
426      | 16552            | 98521448     | 98964699     | {825, 821, 820, 827, 823, 824, 826, 834, 836, 830, 828, 835}
427      | 16553            | 98964699     | 98983357     | {825, 821, 820, 827, 823, 824, 826, 834, 836, 830, 835}
428      | 16555            | 98983357     | 99048445     | {825, 821, 820, 827, 823, 824, 826, 834, 836, 828, 835}
429      | 16559            | 99048445     | 99697610     | {825, 821, 820, 827, 823, 824, 826, 834, 830, 828, 835}
430      | 16601            | 99697610     | 100169368    | {825, 821, 827, 823, 824, 826, 834, 836, 830, 828, 835}
431      | 16647            | 100169368    | 100238626    | {825, 820, 827, 823, 824, 826, 834, 836, 830, 828, 835}
432      | 16721            | 100238626    | 100705300    | {833, 829, 819, 821, 820, 827, 823, 824, 826, 834, 836, 830, 828, 835}
433      | 16804            | 100705300    | 100978346    | {833, 829, 821, 820, 827, 823, 824, 826, 834, 836, 830, 828, 835}
434      | 16909            | 100978346    | 101003158    | {833, 819, 821, 820, 827, 823, 824, 826, 834, 836, 830, 828, 835}
435      | 16915            | 101003158    | 101134494    | {833, 819, 821, 820, 827, 823, 824, 826, 834, 830, 828, 835}
436      | 16997            | 101134494    | 101401699    | {833, 819, 820, 827, 823, 824, 826, 834, 836, 830, 828, 835}
437      | 17053            | 101401699    | 101992801    | {833, 821, 820, 827, 823, 824, 826, 834, 836, 830, 828, 835}
438      | 17059            | 101992801    | 102090958    | {833, 821, 820, 827, 823, 824, 826, 834, 830, 828, 835}
439      | 17132            | 102090958    | 102197827    | {833, 820, 827, 823, 824, 826, 834, 836, 830, 828, 835}
440      | 17189            | 102197827    | 102573112    | {829, 819, 821, 820, 827, 823, 824, 826, 834, 836, 830, 828}
441      | 17190            | 102573112    | 102644329    | {829, 819, 821, 820, 827, 823, 824, 826, 834, 836, 830, 828, 835}
442      | 17191            | 102644329    | 102670983    | {829, 819, 821, 820, 827, 823, 824, 826, 834, 836, 830, 835}
443      | 17193            | 102670983    | 103267898    | {829, 819, 821, 820, 827, 823, 824, 826, 834, 836, 828, 835}
444      | 17197            | 103267898    | 103296610    | {829, 819, 821, 820, 827, 823, 824, 826, 834, 830, 828, 835}
445      | 17239            | 103296610    | 103769907    | {829, 819, 821, 827, 823, 824, 826, 834, 836, 830, 828, 835}
446      | 17285            | 103769907    | 103977428    | {829, 819, 820, 827, 823, 824, 826, 834, 836, 830, 828, 835}
447      | 17341            | 103977428    | 103985455    | {829, 821, 820, 827, 823, 824, 826, 834, 836, 830, 828, 835}
448      | 17342            | 103985455    | 104034215    | {829, 821, 820, 827, 823, 824, 826, 834, 836, 830, 835}
449      | 17344            | 104034215    | 104168590    | {829, 821, 820, 827, 823, 824, 826, 834, 836, 828, 835}
450      | 17348            | 104168590    | 105260952    | {829, 821, 820, 827, 823, 824, 826, 834, 830, 828, 835}
451      | 17430            | 105260952    | 105327727    | {829, 820, 827, 823, 824, 826, 834, 836, 830, 828, 835}
452      | 17486            | 105327727    | 105648427    | {819, 821, 820, 827, 823, 824, 826, 834, 836, 830, 828}
453      | 17487            | 105648427    | 106061206    | {819, 821, 820, 827, 823, 824, 826, 834, 836, 830, 828, 835}
454      | 17488            | 106061206    | 106256127    | {819, 821, 820, 827, 823, 824, 826, 834, 836, 830, 835}
455      | 17490            | 106256127    | 106926165    | {819, 821, 820, 827, 823, 824, 826, 834, 836, 828, 835}
456      | 17494            | 106926165    | 107081941    | {819, 821, 820, 827, 823, 824, 826, 834, 830, 828, 835}
457      | 17541            | 107081941    | 107221413    | {819, 821, 827, 823, 824, 826, 834, 836, 830, 828, 835}
458      | 17587            | 107221413    | 107419329    | {819, 820, 827, 823, 824, 826, 834, 836, 830, 828, 835}
459      | 17650            | 107419329    | 107499426    | {821, 820, 827, 823, 824, 826, 834, 836, 830, 828}
460      | 17651            | 107499426    | 107714539    | {821, 820, 827, 823, 824, 826, 834, 836, 830, 828, 835}
461      | 17654            | 107714539    | 109017747    | {821, 820, 827, 823, 824, 826, 834, 836, 828, 835}
462      | 17658            | 109017747    | 109190221    | {821, 820, 827, 823, 824, 826, 834, 830, 828, 835}
463      | 17740            | 109190221    | 109452218    | {820, 827, 823, 824, 826, 834, 836, 830, 828, 835}
================================================================================
Total raises (including the initial value): 464
