Dataset: accidents | k = 10
--------------------------------------------------------------------------------
LEVEL DEBUG -- longest-path (levelOf, USED BY ALGORITHM) vs shortest-path (levelOfShortest, reference only)
--------------------------------------------------------------------------------
Item id    | Name                     | level(used) | level(shortest-ref) | #children
---------------------------------------------------------------------------------------
469        |                          | 1          | 1          | 3        
470        |                          | 1          | 1          | 3        
471        |                          | 1          | 1          | 3        
472        |                          | 1          | 1          | 3        
473        |                          | 1          | 1          | 3        
474        |                          | 1          | 1          | 3        
475        |                          | 1          | 1          | 3        
476        |                          | 1          | 1          | 3        
477        |                          | 1          | 1          | 3        
478        |                          | 1          | 1          | 3        
479        |                          | 1          | 1          | 3        
480        |                          | 1          | 1          | 3        
481        |                          | 1          | 1          | 3        
482        |                          | 1          | 1          | 3        
483        |                          | 1          | 1          | 3        
484        |                          | 1          | 1          | 3        
485        |                          | 1          | 1          | 3        
486        |                          | 1          | 1          | 3        
487        |                          | 1          | 1          | 3        
488        |                          | 1          | 1          | 3        
489        |                          | 1          | 1          | 3        
490        |                          | 1          | 1          | 3        
491        |                          | 1          | 1          | 3        
492        |                          | 1          | 1          | 3        
493        |                          | 1          | 1          | 3        
494        |                          | 1          | 1          | 3        
495        |                          | 1          | 1          | 3        
496        |                          | 1          | 1          | 3        
497        |                          | 1          | 1          | 3        
498        |                          | 1          | 1          | 3        
499        |                          | 1          | 1          | 3        
500        |                          | 1          | 1          | 3        
501        |                          | 1          | 1          | 3        
502        |                          | 1          | 1          | 3        
503        |                          | 1          | 1          | 3        
504        |                          | 1          | 1          | 3        
505        |                          | 1          | 1          | 3        
506        |                          | 1          | 1          | 3        
507        |                          | 1          | 1          | 3        
508        |                          | 1          | 1          | 3        
509        |                          | 1          | 1          | 3        
510        |                          | 1          | 1          | 3        
511        |                          | 1          | 1          | 3        
512        |                          | 1          | 1          | 3        
513        |                          | 1          | 1          | 3        
514        |                          | 1          | 1          | 3        
515        |                          | 1          | 1          | 3        
516        |                          | 1          | 1          | 3        
517        |                          | 1          | 1          | 3        
518        |                          | 1          | 1          | 3        
519        |                          | 1          | 1          | 3        
520        |                          | 1          | 1          | 3        
521        |                          | 1          | 1          | 3        
522        |                          | 1          | 1          | 3        
523        |                          | 1          | 1          | 3        
524        |                          | 1          | 1          | 3        
525        |                          | 1          | 1          | 3        
526        |                          | 1          | 1          | 3        
527        |                          | 1          | 1          | 3        
528        |                          | 1          | 1          | 3        
529        |                          | 1          | 1          | 3        
530        |                          | 1          | 1          | 3        
531        |                          | 1          | 1          | 3        
532        |                          | 1          | 1          | 3        
533        |                          | 1          | 1          | 3        
534        |                          | 1          | 1          | 3        
535        |                          | 1          | 1          | 3        
536        |                          | 1          | 1          | 3        
537        |                          | 1          | 1          | 2        
538        |                          | 1          | 1          | 2        
539        |                          | 1          | 1          | 2        
540        |                          | 1          | 1          | 2        
541        |                          | 1          | 1          | 2        
542        |                          | 1          | 1          | 2        
543        |                          | 1          | 1          | 2        
544        |                          | 1          | 1          | 2        
545        |                          | 1          | 1          | 2        
546        |                          | 1          | 1          | 2        
547        |                          | 1          | 1          | 2        
548        |                          | 1          | 1          | 2        
549        |                          | 1          | 1          | 2        
550        |                          | 1          | 1          | 2        
551        |                          | 1          | 1          | 2        
552        |                          | 1          | 1          | 2        
553        |                          | 1          | 1          | 2        
554        |                          | 1          | 1          | 2        
555        |                          | 1          | 1          | 2        
556        |                          | 1          | 1          | 2        
557        |                          | 1          | 1          | 2        
558        |                          | 1          | 1          | 2        
559        |                          | 1          | 1          | 2        
560        |                          | 1          | 1          | 2        
561        |                          | 1          | 1          | 2        
562        |                          | 1          | 1          | 2        
563        |                          | 1          | 1          | 2        
564        |                          | 1          | 1          | 2        
565        |                          | 1          | 1          | 2        
566        |                          | 1          | 1          | 2        
567        |                          | 1          | 1          | 2        
568        |                          | 1          | 1          | 2        
569        |                          | 1          | 1          | 2        
570        |                          | 1          | 1          | 2        
571        |                          | 1          | 1          | 2        
572        |                          | 1          | 1          | 2        
573        |                          | 1          | 1          | 2        
574        |                          | 1          | 1          | 2        
575        |                          | 1          | 1          | 2        
576        |                          | 1          | 1          | 2        
577        |                          | 1          | 1          | 2        
578        |                          | 1          | 1          | 2        
579        |                          | 1          | 1          | 2        
580        |                          | 1          | 1          | 2        
581        |                          | 1          | 1          | 2        
582        |                          | 1          | 1          | 2        
583        |                          | 1          | 1          | 2        
584        |                          | 1          | 1          | 2        
585        |                          | 1          | 1          | 2        
586        |                          | 1          | 1          | 2        
587        |                          | 1          | 1          | 2        
588        |                          | 1          | 1          | 2        
589        |                          | 1          | 1          | 2        
590        |                          | 1          | 1          | 2        
591        |                          | 1          | 1          | 2        
592        |                          | 1          | 1          | 2        
593        |                          | 1          | 1          | 2        
594        |                          | 1          | 1          | 2        
595        |                          | 1          | 1          | 2        
596        |                          | 1          | 1          | 2        
597        |                          | 1          | 1          | 2        
598        |                          | 1          | 1          | 2        
599        |                          | 1          | 1          | 2        
600        |                          | 1          | 1          | 2        
601        |                          | 1          | 1          | 2        
602        |                          | 1          | 1          | 2        
603        |                          | 1          | 1          | 2        
604        |                          | 1          | 1          | 2        
605        |                          | 1          | 1          | 2        
606        |                          | 1          | 1          | 2        
607        |                          | 1          | 1          | 2        
608        |                          | 1          | 1          | 2        
609        |                          | 1          | 1          | 2        
610        |                          | 1          | 1          | 2        
611        |                          | 1          | 1          | 2        
612        |                          | 1          | 1          | 2        
613        |                          | 1          | 1          | 2        
614        |                          | 1          | 1          | 2        
615        |                          | 1          | 1          | 2        
616        |                          | 1          | 1          | 2        
617        |                          | 1          | 1          | 2        
618        |                          | 1          | 1          | 2        
619        |                          | 1          | 1          | 2        
620        |                          | 1          | 1          | 2        
621        |                          | 1          | 1          | 2        
622        |                          | 1          | 1          | 2        
623        |                          | 1          | 1          | 2        
624        |                          | 1          | 1          | 2        
625        |                          | 1          | 1          | 2        
626        |                          | 1          | 1          | 2        
627        |                          | 1          | 1          | 2        
628        |                          | 1          | 1          | 2        
629        |                          | 1          | 1          | 2        
630        |                          | 1          | 1          | 2        
631        |                          | 1          | 1          | 2        
632        |                          | 1          | 1          | 2        
633        |                          | 1          | 1          | 2        
634        |                          | 1          | 1          | 2        
635        |                          | 1          | 1          | 2        
636        |                          | 1          | 1          | 2        
637        |                          | 1          | 1          | 2        
638        |                          | 1          | 1          | 2        
639        |                          | 1          | 1          | 2        
640        |                          | 1          | 1          | 2        
641        |                          | 1          | 1          | 2        
642        |                          | 1          | 1          | 2        
643        |                          | 1          | 1          | 2        
644        |                          | 1          | 1          | 2        
645        |                          | 1          | 1          | 2        
646        |                          | 1          | 1          | 2        
647        |                          | 1          | 1          | 2        
648        |                          | 1          | 1          | 2        
649        |                          | 1          | 1          | 2        
650        |                          | 1          | 1          | 2        
651        |                          | 1          | 1          | 2        
652        |                          | 1          | 1          | 2        
653        |                          | 1          | 1          | 2        
654        |                          | 1          | 1          | 2        
655        |                          | 1          | 1          | 2        
656        |                          | 1          | 1          | 2        
657        |                          | 1          | 1          | 2        
658        |                          | 1          | 1          | 2        
659        |                          | 1          | 1          | 2        
660        |                          | 1          | 1          | 2        
661        |                          | 1          | 1          | 2        
662        |                          | 1          | 1          | 2        
663        |                          | 1          | 1          | 2        
664        |                          | 1          | 1          | 2        
665        |                          | 1          | 1          | 2        
666        |                          | 1          | 1          | 2        
667        |                          | 1          | 1          | 2        
668        |                          | 1          | 1          | 2        
669        |                          | 2          | 2          | 2        
670        |                          | 2          | 2          | 2        
671        |                          | 2          | 2          | 2        
672        |                          | 2          | 2          | 2        
673        |                          | 2          | 2          | 2        
674        |                          | 2          | 2          | 2        
675        |                          | 2          | 2          | 2        
676        |                          | 2          | 2          | 2        
677        |                          | 2          | 2          | 2        
678        |                          | 2          | 2          | 2        
679        |                          | 2          | 2          | 2        
680        |                          | 2          | 2          | 2        
681        |                          | 2          | 2          | 2        
682        |                          | 2          | 2          | 2        
683        |                          | 2          | 2          | 2        
684        |                          | 2          | 2          | 2        
685        |                          | 2          | 2          | 2        
686        |                          | 2          | 2          | 2        
687        |                          | 2          | 2          | 2        
688        |                          | 2          | 2          | 2        
689        |                          | 2          | 2          | 2        
690        |                          | 2          | 2          | 2        
691        |                          | 2          | 2          | 2        
692        |                          | 2          | 2          | 2        
693        |                          | 2          | 2          | 2        
694        |                          | 2          | 2          | 2        
695        |                          | 2          | 2          | 2        
696        |                          | 2          | 2          | 2        
697        |                          | 2          | 2          | 2        
698        |                          | 2          | 2          | 2        
699        |                          | 2          | 2          | 2        
700        |                          | 2          | 2          | 2        
701        |                          | 2          | 2          | 2        
702        |                          | 2          | 2          | 2        
703        |                          | 2          | 2          | 2        
704        |                          | 2          | 2          | 2        
705        |                          | 2          | 2          | 2        
706        |                          | 2          | 2          | 2        
707        |                          | 2          | 2          | 2        
708        |                          | 2          | 2          | 2        
709        |                          | 2          | 2          | 2        
710        |                          | 2          | 2          | 2        
711        |                          | 2          | 2          | 2        
712        |                          | 2          | 2          | 2        
713        |                          | 2          | 2          | 2        
714        |                          | 2          | 2          | 2        
715        |                          | 2          | 2          | 2        
716        |                          | 2          | 2          | 2        
717        |                          | 2          | 2          | 2        
718        |                          | 2          | 2          | 2        
719        |                          | 2          | 2          | 2        
720        |                          | 2          | 2          | 2        
721        |                          | 2          | 2          | 2        
722        |                          | 2          | 2          | 2        
723        |                          | 2          | 2          | 2        
724        |                          | 2          | 2          | 2        
725        |                          | 2          | 2          | 2        
726        |                          | 2          | 2          | 2        
727        |                          | 2          | 2          | 2        
728        |                          | 2          | 2          | 2        
729        |                          | 2          | 2          | 2        
730        |                          | 2          | 2          | 2        
731        |                          | 2          | 2          | 2        
732        |                          | 2          | 2          | 2        
733        |                          | 2          | 2          | 2        
734        |                          | 2          | 2          | 2        
735        |                          | 2          | 2          | 2        
736        |                          | 2          | 2          | 2        
737        |                          | 2          | 2          | 2        
738        |                          | 2          | 2          | 2        
739        |                          | 2          | 2          | 2        
740        |                          | 2          | 2          | 2        
741        |                          | 2          | 2          | 2        
742        |                          | 2          | 2          | 2        
743        |                          | 2          | 2          | 2        
744        |                          | 2          | 2          | 2        
745        |                          | 2          | 2          | 2        
746        |                          | 2          | 2          | 2        
747        |                          | 2          | 2          | 2        
748        |                          | 2          | 2          | 2        
749        |                          | 2          | 2          | 2        
750        |                          | 2          | 2          | 2        
751        |                          | 2          | 2          | 2        
752        |                          | 2          | 2          | 2        
753        |                          | 2          | 2          | 2        
754        |                          | 2          | 2          | 2        
755        |                          | 2          | 2          | 2        
756        |                          | 2          | 2          | 2        
757        |                          | 2          | 2          | 2        
758        |                          | 2          | 2          | 2        
759        |                          | 2          | 2          | 2        
760        |                          | 2          | 2          | 2        
761        |                          | 2          | 2          | 2        
762        |                          | 2          | 2          | 2        
763        |                          | 2          | 2          | 2        
764        |                          | 2          | 2          | 2        
765        |                          | 2          | 2          | 2        
766        |                          | 2          | 2          | 2        
767        |                          | 2          | 2          | 2        
768        |                          | 2          | 2          | 2        
769        |                          | 3          | 3          | 2        
770        |                          | 3          | 3          | 2        
771        |                          | 3          | 3          | 2        
772        |                          | 3          | 3          | 2        
773        |                          | 3          | 3          | 2        
774        |                          | 3          | 3          | 2        
775        |                          | 3          | 3          | 2        
776        |                          | 3          | 3          | 2        
777        |                          | 3          | 3          | 2        
778        |                          | 3          | 3          | 2        
779        |                          | 3          | 3          | 2        
780        |                          | 3          | 3          | 2        
781        |                          | 3          | 3          | 2        
782        |                          | 3          | 3          | 2        
783        |                          | 3          | 3          | 2        
784        |                          | 3          | 3          | 2        
785        |                          | 3          | 3          | 2        
786        |                          | 3          | 3          | 2        
787        |                          | 3          | 3          | 2        
788        |                          | 3          | 3          | 2        
789        |                          | 3          | 3          | 2        
790        |                          | 3          | 3          | 2        
791        |                          | 3          | 3          | 2        
792        |                          | 3          | 3          | 2        
793        |                          | 3          | 3          | 2        
794        |                          | 3          | 3          | 2        
795        |                          | 3          | 3          | 2        
796        |                          | 3          | 3          | 2        
797        |                          | 3          | 3          | 2        
798        |                          | 3          | 3          | 2        
799        |                          | 3          | 3          | 2        
800        |                          | 3          | 3          | 2        
801        |                          | 3          | 3          | 2        
802        |                          | 3          | 3          | 2        
803        |                          | 3          | 3          | 2        
804        |                          | 3          | 3          | 2        
805        |                          | 3          | 3          | 2        
806        |                          | 3          | 3          | 2        
807        |                          | 3          | 3          | 2        
808        |                          | 3          | 3          | 2        
809        |                          | 3          | 3          | 2        
810        |                          | 3          | 3          | 2        
811        |                          | 3          | 3          | 2        
812        |                          | 3          | 3          | 2        
813        |                          | 3          | 3          | 2        
814        |                          | 3          | 3          | 2        
815        |                          | 3          | 3          | 2        
816        |                          | 3          | 3          | 2        
817        |                          | 3          | 3          | 2        
818        |                          | 3          | 3          | 2        
819        |                          | 4          | 4          | 3        
820        |                          | 4          | 4          | 3        
821        |                          | 4          | 4          | 3        
822        |                          | 4          | 4          | 3        
823        |                          | 4          | 4          | 3        
824        |                          | 4          | 4          | 3        
825        |                          | 4          | 4          | 3        
826        |                          | 4          | 4          | 3        
827        |                          | 4          | 4          | 3        
828        |                          | 4          | 4          | 3        
829        |                          | 4          | 4          | 3        
830        |                          | 4          | 4          | 3        
831        |                          | 4          | 4          | 2        
832        |                          | 4          | 4          | 2        
833        |                          | 4          | 4          | 2        
834        |                          | 4          | 4          | 2        
835        |                          | 4          | 4          | 2        
836        |                          | 4          | 4          | 2        
837        |                          | 4          | 4          | 2        
838        |                          | 5          | 5          | 19       
---------------------------------------------------------------------------------------
Total categories: 370
Distinct level(used, longest-path) values     : [1, 2, 3, 4, 5]  | per-level counts: {1=200, 2=100, 3=50, 4=19, 5=1}
Distinct level(shortest-ref) values            : [1, 2, 3, 4, 5]  | per-level counts: {1=200, 2=100, 3=50, 4=19, 5=1}
(The 'used' column should reproduce the dataset's documented
 number of levels/categories.)
================================================================================
